-3.755279432500004818e-07
-5.648222280143958875e-07
-8.381996102155911035e-07
-1.216447217491538070e-06
-1.743393746267762234e-06
-2.480828460000053720e-06
-3.506168291224299251e-06
-4.918748254741423121e-06
-6.846268365201586547e-06
-9.451296642985489730e-06
-1.293821478518687814e-05
-1.756055787081042070e-05
-2.362847047159699490e-05
-3.151583756842710258e-05
-4.166649104311858520e-05
-5.459873377967198110e-05
-7.090727320978861827e-05
-9.126153324495492563e-05
-1.163992452067158073e-04
-1.471142412284186707e-04
-1.842375340883320911e-04
-2.286111204906366302e-04
-2.810545500536806461e-04
-3.423252174262042514e-04
-4.130746068104521832e-04
-4.938043694927861165e-04
-5.848281197536651195e-04
-6.862470606566005828e-04
-7.979496297766052685e-04
-9.196464159146555640e-04
-1.050949826736915279e-03
-1.191500101788743517e-03
-1.341120495889105285e-03
-1.499950667337784102e-03
-1.668462046069103073e-03
-1.847226521296597458e-03
-2.036344095434689493e-03
-2.234593613643269441e-03
-2.438627528440396545e-03
-2.642699136210419769e-03
-2.839248449204696823e-03
-3.020196822155009602e-03
-3.178386042735241186e-03
-3.308594313027068880e-03
-3.407901517204495884e-03
-3.475521229783660928e-03
-3.512354622402191068e-03
-3.520480750516051093e-03
-3.502699226602624429e-03
-3.462163751180229437e-03
-3.402105700849230533e-03
-3.325634155788576539e-03
-3.235597885560249475e-03
-3.134497570590374840e-03
-3.024439829137454301e-03
-2.907127491914554031e-03
-2.783882348645578663e-03
-2.655696723462537198e-03
-2.523308767539518636e-03
-2.387294106662269169e-03
-2.248164652429853177e-03
-2.106465024924698230e-03
-1.962858707475464547e-03
-1.818199705983166619e-03
-1.673589827300356325e-03
-1.530421086054117733e-03
-1.390377223008628206e-03
-1.255272765274708605e-03
-1.126470570563793336e-03
-1.003984310747125814e-03
-8.867268084531492681e-04
-7.745059523839737531e-04
-6.687507324874509759e-04
-5.711935786301559469e-04
-4.829156890468285944e-04
-4.043008416155407288e-04
-3.352540748575236619e-04
-2.753778893026586293e-04
-2.240813751353389960e-04
-1.806511327136626122e-04
-1.443034715766725181e-04
-1.142261171602467959e-04
-8.961209421674701595e-05
-6.968645443966888897e-05
-5.372609513752464892e-05
-4.107306592440053932e-05
-3.114203776417465516e-05
-2.342283685208577720e-05
-1.747906863832100264e-05
-1.294387256270827123e-05
-9.513776491166307963e-06
-6.941489733990313096e-06
-5.028312787831668303e-06
-3.616674016232201174e-06
-2.583145662138848320e-06
-1.832154847089595556e-06
-1.290494954687522331e-06
-9.026600456364292846e-07
-6.269676985434005632e-07
-4.324001202035598505e-07
