-3.747299422281704754e-07
-5.554245470848847815e-07
-8.163141161395604146e-07
-1.189590173303406612e-06
-1.718795583753052448e-06
-2.462145306721021894e-06
-3.496545260912424914e-06
-4.922356670006990805e-06
-6.868919219482031991e-06
-9.500795980347520654e-06
-1.302463268210319271e-05
-1.769643092565799207e-05
-2.382891917129376883e-05
-3.179857025299561780e-05
-4.205166727917036932e-05
-5.510867271757083222e-05
-7.156602378465252328e-05
-9.209438005642548841e-05
-1.174323083847690521e-04
-1.483744293178691504e-04
-1.857531925796961493e-04
-2.304137227501925982e-04
-2.831816143657944827e-04
-3.448242179242389611e-04
-4.160069590435783453e-04
-4.972477659069121430e-04
-5.888749805664416021e-04
-6.909972722554437192e-04
-8.034975323380180896e-04
-9.260648663330602916e-04
-1.058276660575237661e-03
-1.199732507262955827e-03
-1.350219802047245184e-03
-1.509855061256194829e-03
-1.679100404337338561e-03
-1.858525120596935410e-03
-2.048220304868926013e-03
-2.246936457333503692e-03
-2.451272969910183418e-03
-2.655415418518588654e-03
-2.851750770874283795e-03
-3.032211679705077313e-03
-3.189790618602697352e-03
-3.319668018828258842e-03
-3.419698673267442760e-03
-3.490100342696003406e-03
-3.531876437668725246e-03
-3.544647399177662441e-03
-3.527903570372920104e-03
-3.484437783461376888e-03
-3.419320761735442950e-03
-3.337308518922233944e-03
-3.242134885692394674e-03
-3.136696246568182554e-03
-3.023251631767798035e-03
-2.903531090431039820e-03
-2.778809944696831753e-03
-2.649986864377395623e-03
-2.517676678524582382e-03
-2.382314717230622075e-03
-2.244263557966287570e-03
-2.103911468388047507e-03
-1.961752740059559408e-03
-1.818442545976633237e-03
-1.674822272631985636e-03
-1.531914901318323901e-03
-1.390893423575810528e-03
-1.253028039995692086e-03
-1.119619710545657117e-03
-9.919283611990719479e-04
-8.711037346151220134e-04
-7.581256725503496231e-04
-6.537588026786201288e-04
-5.585244841205577911e-04
-4.726907467588585283e-04
-3.962790910557125357e-04
-3.290855724943512529e-04
-2.707126668384412832e-04
-2.206080074507306378e-04
-1.781061474093114608e-04
-1.424699269990012905e-04
-1.129286998862774329e-04
-8.871146586801382822e-05
-6.907376505501953349e-05
-5.331792161901134311e-05
-4.080682674691850619e-05
-3.097189058593389610e-05
-2.331606756730887314e-05
-1.741298443620163943e-05
-1.290320449797170951e-05
-9.488579565317234563e-06
-6.925506590089370862e-06
-5.017747517107280681e-06
-3.609309888297955468e-06
-2.577736461524233693e-06
-1.828022989978756282e-06
-1.287278261803451582e-06
-9.001602277247489295e-07
-6.250650037279729937e-07
-4.310087278956229202e-07
