-3.780790467371413692e-07
-5.607847411574180180e-07
-8.246914313806615409e-07
-1.202421102908748632e-06
-1.738097434374253397e-06
-2.490704075660272129e-06
-3.538146004709099208e-06
-4.982061684221383541e-06
-6.953399283738032764e-06
-9.618718363515188022e-06
-1.318710552592858946e-05
-1.791749670972671594e-05
-2.412608091898835335e-05
-3.219332452762000216e-05
-4.257000975557501062e-05
-5.578153697443354617e-05
-7.242961322124787636e-05
-9.319035688770330303e-05
-1.188078113854775398e-04
-1.500818997360326009e-04
-1.878499882349498966e-04
-2.329614831622277098e-04
-2.862452948728645371e-04
-3.484706410121019352e-04
-4.203026737865510776e-04
-5.022560519359169084e-04
-5.946521026610617107e-04
-6.975886286528413345e-04
-8.109349444865759969e-04
-9.343664646330952957e-04
-1.067450232226472813e-03
-1.209781950004100394e-03
-1.361153180826004056e-03
-1.521692225603455025e-03
-1.691877968444883149e-03
-1.872296294921437388e-03
-2.063046764980978540e-03
-2.262870402466444445e-03
-2.468331117443632334e-03
-2.673552393137470975e-03
-2.870843874240226745e-03
-3.052068809869100830e-03
-3.210188666468224896e-03
-3.340422932564497422e-03
-3.440746340958759225e-03
-3.511473611810903787e-03
-3.553374525251390761e-03
-3.565567563390186021e-03
-3.547614453245266121e-03
-3.502784620420984225e-03
-3.436326817666653967e-03
-3.352980415569048554e-03
-3.256463206889378698e-03
-3.149683033311012712e-03
-3.034922568956813314e-03
-2.913937357910921511e-03
-2.788025962163864172e-03
-2.658106553396280547e-03
-2.524809006484379260e-03
-2.388578660099885051e-03
-2.249782523990875947e-03
-2.108807338239451507e-03
-1.966139856158042893e-03
-1.822422142735101057e-03
-1.678477922115836213e-03
-1.535309518623214796e-03
-1.394068224851296696e-03
-1.256003597184967820e-03
-1.122398950856929364e-03
-9.945010793384113403e-04
-8.734519807555543754e-04
-7.602292880947442025e-04
-6.556004102014497369e-04
-5.600933805833726567e-04
-4.739853628066517557e-04
-3.973079174625919648e-04
-3.298666737157865034e-04
-2.712720684766653924e-04
-2.209773421312128414e-04
-1.783199703972453045e-04
-1.425630791648787915e-04
-1.129340187068474181e-04
-8.865804453214967316e-05
-6.898585348021909298e-05
-5.321446589178388769e-05
-4.070156573900412123e-05
-3.087387675660796901e-05
-2.323045565728490647e-05
-1.734193515857463370e-05
-1.284677481704207127e-05
-9.445508311389550242e-06
-6.893844724764920719e-06
-4.995318427451910167e-06
-3.594011689444476905e-06
-2.567713869946198285e-06
-1.821742099236744223e-06
-1.283536248638876784e-06
-8.980566987523926548e-07
-6.239549210785957991e-07
-4.304503436425788012e-07
