-3.802066430260817722e-07
-5.640901131199236165e-07
-8.299127310997054179e-07
-1.210510639361844051e-06
-1.749942520724713390e-06
-2.506477816026067916e-06
-3.556269704610097449e-06
-4.997944186700656360e-06
-6.958210837109154556e-06
-9.598363886622282863e-06
-1.312139234358474170e-05
-1.777941930014594854e-05
-2.388123300037335646e-05
-3.179968401701562750e-05
-4.197879195428390738e-05
-5.494078538966387339e-05
-7.129450358117331483e-05
-9.174942986023005816e-05
-1.171425325503422420e-04
-1.484615443463563073e-04
-1.866862246417923992e-04
-2.322021265810874193e-04
-2.849779703644802348e-04
-3.457732122920747727e-04
-4.156794011409996651e-04
-4.954242669016335580e-04
-5.853762564166606645e-04
-6.856394084411095331e-04
-7.961007997236110075e-04
-9.164785068312710468e-04
-1.046402817669817150e-03
-1.185539868939977474e-03
-1.333742814495340922e-03
-1.491180578649920884e-03
-1.658348940614886137e-03
-1.835836391978155424e-03
-2.023751278718386327e-03
-2.220874325374911761e-03
-2.423856238555504184e-03
-2.626946735986529762e-03
-2.822579373919833871e-03
-3.002661995070287238e-03
-3.160010365197628637e-03
-3.289360994138875241e-03
-3.387739030785649492e-03
-3.454300033268264437e-03
-3.489899127041325676e-03
-3.496598042649962188e-03
-3.477221057832465771e-03
-3.434993809681752101e-03
-3.373261584509202986e-03
-3.295273923406373106e-03
-3.204024782824635171e-03
-3.102142355003621992e-03
-2.991825839522641549e-03
-2.874827066568047887e-03
-2.752473426928601051e-03
-2.625726017640244835e-03
-2.495264209602458295e-03
-2.361585740976261064e-03
-2.225110441138749857e-03
-2.086276027724905894e-03
-1.945616070081780929e-03
-1.803812934510222368e-03
-1.661721922153147797e-03
-1.520366402572696091e-03
-1.380907060701794297e-03
-1.244591012726185960e-03
-1.112688236113552019e-03
-9.864233835273484956e-04
-8.669106470754368854e-04
-7.550980777781247065e-04
-6.517259105112000990e-04
-5.573013146976701134e-04
-4.720899097749381912e-04
-3.961226342793971794e-04
-3.292153307726337279e-04
-2.709977711948637546e-04
-2.209487303662497108e-04
-1.784339571045816014e-04
-1.427443127807478495e-04
-1.131318210424962501e-04
-8.884185634591840999e-05
-6.914020184535914432e-05
-5.333423842996889855e-05
-4.078806283259172607e-05
-3.093182093097127864e-05
-2.326592636965944027e-05
-1.736107949537471842e-05
-1.285510310078279205e-05
-9.447590924712319642e-06
-6.893257096799872628e-06
-4.994716574998180888e-06
-3.595249589714863304e-06
-2.571931459159896713e-06
-1.829365506581526479e-06
-1.294175830494446404e-06
-9.104332002556165917e-07
-6.361824396869047332e-07
-4.408245023313687371e-07
