1.831833820160967864e-06
2.766683492872434576e-06
4.144408591518769573e-06
6.157452056889435903e-06
9.073606390771205214e-06
1.326183507247148816e-05
1.922541559342543321e-05
2.764388513203786449e-05
3.942534541706866220e-05
5.577066951175094678e-05
7.825101161979371644e-05
1.088997077778286709e-04
1.503191229766022039e-04
2.058022010336295956e-04
2.794673647075494654e-04
3.764039647716776755e-04
5.028236787351419903e-04
6.662111336703065894e-04
8.754646340664861163e-04
1.141015324202720874e-03
1.474910569659345586e-03
1.890845025733794158e-03
2.404121044270122673e-03
3.031519060936111939e-03
3.791058713564375050e-03
4.701632963434779731e-03
5.782500743129407282e-03
7.052629171821943321e-03
8.529885306720382671e-03
1.023009187302576992e-02
1.216598429929343847e-02
1.434613957791910401e-02
1.677398828495076794e-02
1.944705653154594691e-02
2.235658439160059449e-02
2.548758357873736821e-02
2.881919388849274802e-02
3.232493077695723638e-02
3.597230474744194523e-02
3.972160645173282434e-02
4.352434607742539097e-02
4.732236815989519091e-02
5.104848348326005564e-02
5.462869878150569680e-02
5.798546980106795284e-02
6.104140065387059222e-02
6.372347042960022079e-02
6.596765404982073144e-02
6.772101413092340705e-02
6.894085178491325683e-02
6.959607174559395704e-02
6.966988651600534987e-02
6.916092549260506595e-02
6.808301463304178291e-02
6.646428582847335731e-02
6.434579874059059845e-02
6.177972712642965103e-02
5.882718187928284714e-02
5.555577609865627181e-02
5.203705713256163989e-02
4.834393625033514552e-02
4.454824080415815957e-02
4.071849876241465799e-02
3.691804372088869357e-02
3.320350243210209995e-02
2.962369909164670398e-02
2.621898347510051228e-02
2.302096555747836643e-02
2.005261898137138815e-02
1.732870059506093352e-02
1.485642360350945476e-02
1.263631750072204823e-02
1.066320832241687486e-02
8.927257045075086966e-03
7.415001188912730135e-03
6.110353851218617086e-03
4.995524549469900454e-03
4.051836554832116515e-03
3.260425168043346120e-03
2.602810129604704679e-03
2.061342739404351844e-03
1.619534124111141017e-03
1.262275407878597636e-03
9.759633936792946147e-04
7.485469034899392207e-04
5.695093535380787476e-04
4.298026722273672658e-04
3.217465203994436225e-04
2.389051541525618672e-04
1.759523722438569395e-04
1.285329855874232474e-04
9.312728121294310034e-05
6.692313945833738452e-05
4.769887574742395629e-05
3.371855506102462041e-05
2.364047551194177344e-05
1.643872271292507608e-05
1.133713110269972440e-05
7.754617998108039590e-06
5.260645161682379804e-06
