1.083307301710440607e-06
1.638660490853383274e-06
2.458430086277778227e-06
3.658162633134204169e-06
5.398951245279449256e-06
7.903181264551668110e-06
1.147479555715719375e-05
1.652501060343955567e-05
2.360446660315538480e-05
3.344279241166557044e-05
4.699648501264076941e-05
6.550581486239892841e-05
9.056114086990330991e-05
1.241785190796111790e-04
1.688837871841124521e-04
2.278033803853825898e-04
3.047589738453512819e-04
4.043616638578462989e-04
5.320998314736576822e-04
6.944131495258585533e-04
8.987435062073083000e-04
1.153552074206976898e-03
1.468290533905497854e-03
1.853313752081893820e-03
2.319721191714435842e-03
2.879115117800340462e-03
3.543265458281047529e-03
4.323674517364674980e-03
5.231040983378698953e-03
6.274634285940629969e-03
7.461610300375507918e-03
8.796329240861898435e-03
1.027977331517170891e-02
1.190919273507654204e-02
1.367810481697949269e-02
1.557668519810919208e-02
1.759238656503514173e-02
1.971035324025888213e-02
2.191308783173774588e-02
2.417913954335311824e-02
2.648128334407475262e-02
2.878520445836036876e-02
3.104953905750081067e-02
3.322737236406138328e-02
3.526865658218340804e-02
3.712307819473486398e-02
3.874363522701360085e-02
4.009047605637938022e-02
4.113145120085331258e-02
4.184028315512745844e-02
4.219783533597167707e-02
4.219441807098844865e-02
4.183048981356581736e-02
4.111632328973666844e-02
4.007125798861656263e-02
3.872267813117582363e-02
3.710474255417398753e-02
3.525690923824943007e-02
3.322232225946625955e-02
3.104614265612672119e-02
2.877390769796795214e-02
2.644999776377543119e-02
2.411627856472876516e-02
2.181097070247606587e-02
1.956778039181601009e-02
1.741530640396237242e-02
1.537672050928178859e-02
1.346970322852199080e-02
1.170660446385400448e-02
1.009479007950187315e-02
8.637130833486590317e-03
7.332588973413069894e-03
6.176859780429232345e-03
5.163029688579175852e-03
4.282218563496830756e-03
3.524180551927412648e-03
2.877844951057702706e-03
2.331785258699934152e-03
1.874610562787229874e-03
1.495278469052936090e-03
1.183332739126767433e-03
9.290717154853124450e-04
7.236555218318096658e-04
5.591610752196372360e-04
4.285942826343991439e-04
3.258685784360143556e-04
2.457583403253354049e-04
1.838348339334086991e-04
1.363912927096079108e-04
1.003626320783573183e-04
7.324419611313037932e-05
5.301289423017614038e-05
3.805314165395799612e-05
2.708919398689548045e-05
1.912477493548912221e-05
1.339033942265297897e-05
9.297886746079797645e-06
6.402929293543085754e-06
4.373016958588310329e-06
2.962099044741955024e-06
