1.580796879856572419e-06
2.380298070905941005e-06
3.560684216082791097e-06
5.300384770789563162e-06
7.830524874558032983e-06
1.146775115569220261e-05
1.664895872015482274e-05
2.396598404179276840e-05
3.421028516099268495e-05
4.842874724618530946e-05
6.799130753726040800e-05
9.467121182872346877e-05
1.307383672320317652e-04
1.790655848405616748e-04
2.432465427683531793e-04
3.277230354109041685e-04
4.379175041930587382e-04
5.803649856432513583e-04
7.628365120407818714e-04
9.944437428339425976e-04
1.285712318207503802e-03
1.648609281933199758e-03
2.096508139896771650e-03
2.644073976351267452e-03
3.307050873592727418e-03
4.101935079313395391e-03
5.045520460434063659e-03
6.154308486103612919e-03
7.443784328150637904e-03
8.927575139004587448e-03
1.061652803840948227e-02
1.251777524554865267e-02
1.463389038071697366e-02
1.696227222042407876e-02
1.949489129955591857e-02
2.221845269204986498e-02
2.511482795434328771e-02
2.816134519922986953e-02
3.133041726843037444e-02
3.458830242011872586e-02
3.789348547165630882e-02
4.119569883964264989e-02
4.443642917972633749e-02
4.755100903283086822e-02
5.047173111638498383e-02
5.313126231199812033e-02
5.546585444570348994e-02
5.741813244363290492e-02
5.893941065788405737e-02
5.999154073158681488e-02
6.054828882804253604e-02
6.059622451619772060e-02
6.013509889138419356e-02
5.917769880997501841e-02
5.774918397025418509e-02
5.588593940628572287e-02
5.363400352718052794e-02
5.104715720581796956e-02
4.818477914840009479e-02
4.510958439646717277e-02
4.188536528855726915e-02
3.857484799149463184e-02
3.523776452142488025e-02
3.192922271321029654e-02
2.869843804845870205e-02
2.558787274544912019e-02
2.263279585599120916e-02
1.986116923230013889e-02
1.729347157072068375e-02
1.494197454071131970e-02
1.281048987253847679e-02
1.089669377828727734e-02
9.195027838870354839e-03
7.697277594372319356e-03
6.392340455444976699e-03
5.266632907553752893e-03
4.304894288663009376e-03
3.490990953622061764e-03
2.808589425017042184e-03
2.241686053204480431e-03
1.775006923557411300e-03
1.394294149125973204e-03
1.086493980282594255e-03
8.398617250878765827e-04
6.439981716691826766e-04
4.898316701592766303e-04
3.695591214385085988e-04
2.765578523478840877e-04
2.052788283301224925e-04
1.511299831571610798e-04
1.103567443808330676e-04
7.992519668051210500e-05
5.741182434809908973e-05
4.090245607029595863e-05
2.890192565615193495e-05
2.025506880195322468e-05
1.407899128410013660e-05
9.706050473482952283e-06
6.636665301232844848e-06
4.500881781387722822e-06
