1.328009508674297949e-06
2.007148217224236423e-06
3.008658507065905126e-06
4.473149719380900594e-06
6.596878212622648468e-06
9.651213173790055004e-06
1.400757487325742788e-05
2.016876199914761903e-05
2.880773874893835228e-05
4.081514361265272290e-05
5.735676450557954733e-05
7.994188891790526624e-05
1.105028594548656542e-04
1.514853828995725397e-04
2.059480261547642953e-04
2.776675901421995899e-04
3.712441679533303460e-04
4.921951469281169844e-04
6.470248209312718041e-04
8.432913005060801168e-04
1.089884590418039711e-03
1.397690881196897612e-03
1.779083527220288140e-03
2.246397240580673676e-03
2.812477099174833135e-03
3.491124811550028965e-03
4.296578751084239624e-03
5.242842937406097352e-03
6.343000129302849358e-03
7.608464595193755071e-03
9.048180646073987130e-03
1.066782276209265155e-02
1.246909503508301237e-02
1.444926026593999248e-02
1.660102686665273358e-02
1.891283725063020935e-02
2.136939761867915136e-02
2.395202190519174143e-02
2.663825461952050791e-02
2.940056104094482953e-02
3.220458220286872425e-02
3.500799351569403722e-02
3.776082652419571195e-02
4.040735227779088112e-02
4.288895556170662510e-02
4.514727483561034593e-02
4.712711491555481719e-02
4.877893152534511223e-02
5.006085906685552034e-02
5.094030280000455546e-02
5.139510642197730322e-02
5.141428598269233430e-02
5.099831308166674626e-02
5.015893769752666903e-02
4.891855959198350423e-02
4.730918127429178249e-02
4.537100000835842667e-02
4.315071753593919396e-02
4.069966153420390836e-02
3.807182087548590527e-02
3.532189704064602614e-02
3.250346694355762955e-02
2.966733904859437249e-02
2.686016661559832014e-02
2.412336108735627441e-02
2.149232700159246084e-02
1.899601916978912314e-02
1.665680470800952676e-02
1.449059789306117452e-02
1.250722533901190217e-02
1.071097276597161516e-02
9.101262377271074344e-03
7.673410974748787194e-03
6.419422652699499632e-03
5.328775431049819107e-03
4.389167858479822194e-03
3.587198981725489306e-03
2.908962841989612760e-03
2.340546530562727205e-03
1.868428365568439338e-03
1.479779320841581461e-03
1.162675837047774576e-03
9.062352408087873254e-04
7.006862817048823550e-04
5.373872117398965139e-04
4.088029407210074331e-04
3.084515701660278404e-04
2.308293096441103962e-04
1.713215150511847480e-04
1.261063695960244009e-04
9.205654555823679797e-05
6.664304214862736724e-05
4.784431392037780887e-05
3.406281378437496987e-05
2.405019621694298777e-05
1.684166833713815177e-05
1.169936634403433962e-05
8.064328781926008739e-06
5.516890399078332834e-06
3.745539898549196325e-06
