5.953865665716201461e-01
5.968990929364338394e-01
5.978659785141596794e-01
5.985525019865173268e-01
5.990898241725578499e-01
5.995522137436413157e-01
5.999866433953502387e-01
6.004250931199039965e-01
6.008900550355265047e-01
6.013972437607775223e-01
6.019571618869657970e-01
6.025762282522414415e-01
6.032577620464414370e-01
6.040029182711459388e-01
6.048115747408696619e-01
6.056831312854171756e-01
6.066171754249058967e-01
6.076139808807464737e-01
6.086748247935099831e-01
6.098021285311611139e-01
6.109994409628146661e-01
6.122712906669660615e-01
6.136229356272588920e-01
6.150600375696348987e-01
6.165882853756237125e-01
6.182129895901851135e-01
6.199386687468981805e-01
6.217686480797435244e-01
6.237046916004902464e-01
6.257466885866582729e-01
6.278924142853126167e-01
6.301373813401009993e-01
6.324747927586702456e-01
6.348955993931590935e-01
6.373886557288563903e-01
6.399409585553077484e-01
6.425379453096323745e-01
6.451638238488013322e-01
6.478019039481981434e-01
6.504349030555853783e-01
6.530452041719430056e-01
6.556150510790861308e-01
6.581266741632715300e-01
6.605623475734736516e-01
6.629043845190800699e-01
6.651350817246379776e-01
6.672366264346780707e-01
6.691909802504333316e-01
6.709797540252009362e-01
6.725840876434573401e-01
6.739845483084299094e-01
6.751610614075410632e-01
6.760928894493086760e-01
6.767586771927123213e-01
6.771365850474039272e-01
6.772045381171848399e-01
6.769406246901572555e-01
6.763236849989077148e-01
6.753341375237313926e-01
6.739550938783033240e-01
6.721738108861700089e-01
6.699835145040727857e-01
6.673855974508825506e-01
6.643921320050116819e-01
6.610285432529742211e-01
6.573361529353108912e-01
6.533741391871973336e-01
6.492202941464461086e-01
6.449698604615339281e-01
6.407317769919151917e-01
6.366219542184983204e-01
6.327537739309173626e-01
6.292267960983406461e-01
6.261154393331276324e-01
6.234598547491232434e-01
6.212610487258700687e-01
6.194814611255894388e-01
6.180509191575580541e-01
6.168766325870328471e-01
6.158551242217830124e-01
6.148839060850698202e-01
6.138712124564821293e-01
6.127428863178480123e-01
6.114462728169055561e-01
6.099515056606146235e-01
6.082508288114722994e-01
6.063566274171138248e-01
6.042987385631517494e-01
6.021214569104712533e-01
5.998804977800297200e-01
5.976400575711758867e-01
5.954700248798622253e-01
5.934433405976609066e-01
5.916334733600324691e-01
5.901119611611456151e-01
5.889459681238107258e-01
5.881958194711995880e-01
5.879125128727906713e-01
5.881352642132861019e-01
5.888892260129500178e-01
