5.561620488964164055e-01
5.552330043188180575e-01
5.524775403921692307e-01
5.463767506822201359e-01
5.347740309219028987e-01
5.261788968403532385e-01
5.436375162041620079e-01
5.609503221617970770e-01
5.684477089605961542e-01
5.717143637467072548e-01
5.734094461292867928e-01
5.744812358443137645e-01
5.752978540771418459e-01
5.760228004882628206e-01
5.767394432626085088e-01
5.774960817429344306e-01
5.783237247401841197e-01
5.792436136545765502e-01
5.802706006584883447e-01
5.814147761685112270e-01
5.826823555889723005e-01
5.840762724497585712e-01
5.855966752147869769e-01
5.872414046940530596e-01
5.890064681533002666e-01
5.908864966187140633e-01
5.928751608141997753e-01
5.949655215854805501e-01
5.971502976026591414e-01
5.994220427525026595e-01
6.017732351189544193e-01
6.041962870772038530e-01
6.066834910557270533e-01
6.092269179687154201e-01
6.118182856236441536e-01
6.144488131531604669e-01
6.171090752595658202e-01
6.197888672414505473e-01
6.224770887395598695e-01
6.251616511534353604e-01
6.278294109493977038e-01
6.304661287561901251e-01
6.330564523180703951e-01
6.355839200847527293e-01
6.380309814550949588e-01
6.403790294315523379e-01
6.426084416792008369e-01
6.446986267449978936e-01
6.466280735496547916e-01
6.483744043100125864e-01
6.499144338791588149e-01
6.512242421766587519e-01
6.522792709700062641e-01
6.530544617807182428e-01
6.535244581207921843e-01
6.536639025685926363e-01
6.534478671760401980e-01
6.528524638692100313e-01
6.518556887701543179e-01
6.504385586529066732e-01
6.485865954957991120e-01
6.462917008275845809e-01
6.435544276807865227e-01
6.403865953148816237e-01
6.368140918267849448e-01
6.328795687873213227e-01
6.286445592842654362e-01
6.241903779158505250e-01
6.196170505491281899e-01
6.150395632880454322e-01
6.105810084479917910e-01
6.063627876564032793e-01
6.024928430194081974e-01
5.990537088518493869e-01
5.960926786310087877e-01
5.936162631066257411e-01
5.915902878381446017e-01
5.899456706879888657e-01
5.885885991835345665e-01
5.874129660697725575e-01
5.863127593000200255e-01
5.851925651780059967e-01
5.839751381771862704e-01
5.826057912931557059e-01
5.810539469520196176e-01
5.793124903814311777e-01
5.773956272975488968e-01
5.753358566100704730e-01
5.731805151084485850e-01
5.709881966396602726e-01
5.688252251197349896e-01
5.667622781738191895e-01
5.648712122817194370e-01
5.632221212033362567e-01
5.618806563238192275e-01
5.609056410898014544e-01
5.603470152854544972e-01
5.602441448036239446e-01
5.606245276114998344e-01
5.615029172883687636e-01
