6.218312393051120823e-01
6.225560704946913049e-01
6.232859930847224339e-01
6.240137951226657487e-01
6.247303156129792034e-01
6.254264582757146362e-01
6.260947770256797273e-01
6.267305746478003536e-01
6.273325293312808082e-01
6.279029177164610065e-01
6.284475282067207846e-01
6.289753579734096434e-01
6.294981706241369324e-01
6.300299685483429224e-01
6.305864117732170593e-01
6.311841982745611812e-01
6.318404113966354929e-01
6.325718390622310228e-01
6.333942761324019566e-01
6.343218334893001575e-01
6.353662915578460746e-01
6.365365473869276647e-01
6.378382083575240280e-01
6.392733787571555082e-01
6.408406673294630984e-01
6.425354173438250216e-01
6.443501314344169950e-01
6.462750382264014215e-01
6.482987322769721006e-01
6.504088159035368299e-01
6.525924803515021910e-01
6.548369809606902070e-01
6.571299816985806119e-01
6.594597641057817761e-01
6.618153111830579194e-01
6.641862866321643910e-01
6.665629342559341586e-01
6.689359223066277949e-01
6.712961546299074378e-01
6.736345660287269554e-01
6.759419145446883270e-01
6.782085791449733447e-01
6.804243680912994696e-01
6.825783412615723522e-01
6.846586488789374592e-01
6.866523892934375262e-01
6.885454893538631715e-01
6.903226121197735266e-01
6.919670978029425212e-01
6.934609445827263352e-01
6.947848361803271588e-01
6.959182229462324010e-01
6.968394631685718155e-01
6.975260320479480525e-01
6.979548080887190142e-01
6.981024511416282774e-01
6.979458931581470349e-01
6.974629713534454822e-01
6.966332424935673950e-01
6.954390239295538123e-01
6.938667080290037426e-01
6.919083865629723773e-01
6.895637936143448332e-01
6.868425219022906703e-01
6.837663810549891030e-01
6.803716449845514935e-01
6.767107879755684952e-01
6.728531637215566796e-01
6.688839924894260935e-01
6.649010659183222094e-01
6.610088350107427013e-01
6.573100499122651597e-01
6.538958075039247309e-01
6.508355444376876520e-01
6.481689106220476226e-01
6.459013271389097977e-01
6.440043151937546728e-01
6.424205834014449223e-01
6.410727702447837073e-01
6.398740381323192450e-01
6.387385900171166364e-01
6.375905594177389002e-01
6.363703715300337294e-01
6.350383268014873073e-01
6.335756473004512390e-01
6.319834977550558008e-01
6.302805808731268833e-01
6.284998772646183118e-01
6.266850131451854322e-01
6.248866293737085353e-01
6.231590087126323008e-01
6.215571023796522265e-01
6.201339918038738519e-01
6.189387397717360795e-01
6.180145367706754156e-01
6.173970341198634637e-01
6.171127659779847008e-01
6.171775831137817914e-01
6.175950427109035967e-01
6.183547290004510755e-01
