4.994037554231878784e-01
5.006591609658322950e-01
5.017695693603837492e-01
5.027557130455077017e-01
5.036369646727970606e-01
5.044314358846759827e-01
5.051567564024038726e-01
5.058314350053103592e-01
5.064768897769270639e-01
5.071203047426587895e-01
5.077982004945030825e-01
5.085595089073903230e-01
5.094645031502521570e-01
5.105732731817149705e-01
5.119203940450705037e-01
5.134880383022457639e-01
5.152055410264521074e-01
5.169858107113488588e-01
5.187680404234585874e-01
5.205328377182307786e-01
5.222907736335605788e-01
5.240641815822064675e-01
5.258743671801497932e-01
5.277353411039362729e-01
5.296510261692736199e-01
5.316128696982956869e-01
5.335954907262236979e-01
5.355494626040357975e-01
5.374034720593386938e-01
5.391800804717971074e-01
5.415410076069939738e-01
5.454121600534074243e-01
5.495204030038502996e-01
5.530269853062017571e-01
5.561886702359331025e-01
5.592237340732351125e-01
5.622173646135111280e-01
5.651951787352356149e-01
5.681591720762867448e-01
5.711014030346951431e-01
5.740092567627393949e-01
5.768675864345342852e-01
5.796596339545894150e-01
5.823674409717799483e-01
5.849720325511900132e-01
5.874534931355889222e-01
5.897909892285773115e-01
5.919627661107040861e-01
5.939461346732964886e-01
5.957174603972710258e-01
5.972521660480950567e-01
5.985247613262372202e-01
5.995089159271664858e-01
6.001775970378856462e-01
6.005032981819471427e-01
6.004583934618132890e-01
6.000156593809871097e-01
5.991490149006104549e-01
5.978345378019944700e-01
5.960518192415955596e-01
5.937857143723884734e-01
5.910285286965655249e-01
5.877826387390606699e-01
5.840634714953480966e-01
5.799026507255666818e-01
5.753509567633474653e-01
5.704805525058227467e-01
5.653857402861693915e-01
5.601814054459404169e-01
5.549983755672879271e-01
5.499752826963368868e-01
5.452472028949266747e-01
5.409322733101512570e-01
5.371183900236535802e-01
5.338525927494101042e-01
5.311355204184147194e-01
5.289223103724124408e-01
5.271298087894653595e-01
5.256485044266087092e-01
5.243567075048060078e-01
5.231344029035017718e-01
5.218747904438880703e-01
5.204924398293530041e-01
5.189278726323549584e-01
5.171490098166928728e-01
5.151502291665064348e-01
5.129498200027000632e-01
5.105865069104648102e-01
5.081155369981525949e-01
5.056046523581132490e-01
5.031301338473581630e-01
5.007730127956689925e-01
4.986154987458714660e-01
4.967376530466351414e-01
4.952143383572971125e-01
4.941124826607973808e-01
4.934887053487417852e-01
4.933873570272382936e-01
4.938390210579093886e-01
4.948595129100377688e-01
