5.150843205532589231e-01
5.167710182643022732e-01
5.194182791888686257e-01
5.228362248170339566e-01
5.264828493146012089e-01
5.298063066855882575e-01
5.325165763650893114e-01
5.345830654907611779e-01
5.361018044573857555e-01
5.371874922738297808e-01
5.379210106443310657e-01
5.383266364732903764e-01
5.383502270534664680e-01
5.378133309506056836e-01
5.363232264732750165e-01
5.332777896245041171e-01
5.295725864072278188e-01
5.328573939616906285e-01
5.424976180569199835e-01
5.487357385372749752e-01
5.521121870439781310e-01
5.543874496145240194e-01
5.562998638434810683e-01
5.581283665628264945e-01
5.599853782585514361e-01
5.619196022983335981e-01
5.639527765361439515e-01
5.660938368064457604e-01
5.683448186093648102e-01
5.707035079468680827e-01
5.731647326848913204e-01
5.757210597985703560e-01
5.783632252207415725e-01
5.810804397139576194e-01
5.838606329505314774e-01
5.866906606242517919e-01
5.895564822971235408e-01
5.924433104702719888e-01
5.953357291510170679e-01
5.982177804291928247e-01
6.010730188860713419e-01
6.038845352650743514e-01
6.066349523214455974e-01
6.093063969487305664e-01
6.118804535049208182e-01
6.143381037722915883e-01
6.166596593000320814e-01
6.188246921665110367e-01
6.208119706656244352e-01
6.225994072891215536e-01
6.241640278566823463e-01
6.254819729217501179e-01
6.265285458101492733e-01
6.272783259554945978e-01
6.277053716651526116e-01
6.277835430959431973e-01
6.274869838623339247e-01
6.267908077979525983e-01
6.256720447129107132e-01
6.241109032120006894e-01
6.220924058354618813e-01
6.196084359734828073e-01
6.166601989790500005e-01
6.132610319119561337e-01
6.094393884039079889e-01
6.052416740115540428e-01
6.007344238749318110e-01
5.960051337474532307e-01
5.911609453425729077e-01
5.863244444533811661e-01
5.816261546736447574e-01
5.771939462279713773e-01
5.731404500837530280e-01
5.695504308725455322e-01
5.664705726782949258e-01
5.639039562025771612e-01
5.618105803006243626e-01
5.601138715125130174e-01
5.587117398837745386e-01
5.574898708357394206e-01
5.563348234100159440e-01
5.551450326276532454e-01
5.538386678942033292e-01
5.523581377513893109e-01
5.506716321053329866e-01
5.487723924039524803e-01
5.466764485509006954e-01
5.444194558859546396e-01
5.420530986621151515e-01
5.396413617533816209e-01
5.372568424336229276e-01
5.349771884021683466e-01
5.328817027044735477e-01
5.310481407534453080e-01
5.295497279649967748e-01
5.284524384090273363e-01
5.278125873998616990e-01
5.276747986999176243e-01
5.280704069989524685e-01
5.290163475646719737e-01
