5.369378184284088196e-01
5.373758420195010599e-01
5.377446006054212857e-01
5.380546113707072031e-01
5.383173282335037557e-01
5.385451135060267402e-01
5.387513629475592092e-01
5.389507998768110486e-01
5.391598887872417478e-01
5.393971789408980033e-01
5.396831831153988679e-01
5.400392664459354730e-01
5.404852717894811365e-01
5.410364437629565648e-01
5.417011613960875938e-01
5.424809357260423903e-01
5.433726925778353811e-01
5.443718446617088480e-01
5.454745177033736292e-01
5.466783101355502383e-01
5.479819183017153872e-01
5.493842363011703922e-01
5.508833478671117945e-01
5.524755420583472576e-01
5.541542948465286722e-01
5.559091646786450402e-01
5.577251619706206087e-01
5.595861565167449259e-01
5.614954109146043093e-01
5.635282460235722102e-01
5.658209082084025843e-01
5.683527546923464735e-01
5.709471865026106707e-01
5.735108325922873007e-01
5.760365298395280220e-01
5.785335100852857515e-01
5.810049772219185726e-01
5.834471109697481062e-01
5.858513688963230548e-01
5.882062521700800461e-01
5.904983323979320353e-01
5.927128080886413519e-01
5.948337968206132143e-01
5.968444812506737973e-01
5.987271730327896613e-01
6.004633299678189262e-01
6.020335471489965951e-01
6.034175358472112505e-01
6.045941009604780536e-01
6.055411273556846607e-01
6.062355865864138549e-01
6.066535779629425029e-01
6.067704217026869129e-01
6.065608269196961500e-01
6.059991635374120111e-01
6.050598747333502114e-01
6.037180748664315866e-01
6.019503861093277175e-01
5.997360734572326768e-01
5.970585393601973712e-01
5.939072310528598075e-01
5.902799886307379396e-01
5.861858107469565260e-01
5.816479271608587798e-01
5.767069351784769315e-01
5.714235808572477593e-01
5.658805647868194733e-01
5.601825751958593447e-01
5.544536830799672300e-01
5.488313859669462502e-01
5.434570566422792792e-01
5.384633557459053144e-01
5.339601609181068298e-01
5.300214306769421846e-01
5.266757529544955352e-01
5.239028374130765275e-01
5.216369332458767882e-01
5.197765033273028523e-01
5.181980698512961281e-01
5.167714543784290848e-01
5.153738003016014035e-01
5.139005600366564064e-01
5.122726476928425310e-01
5.104398403796296391e-01
5.083810687601197920e-01
5.061024552624662221e-01
5.036339266242059187e-01
5.010250640631483954e-01
4.983406559873378439e-01
4.956562434301340914e-01
4.930538217859418704e-01
4.906177856981120966e-01
4.884311673246732877e-01
4.865722081255637321e-01
4.851113078262080935e-01
4.841084009599952442e-01
4.836108142268161214e-01
4.836516528446184737e-01
4.842487499691034425e-01
4.854041912671771541e-01
