5.741194583380475613e-01
5.746057536207735961e-01
5.752040239289368806e-01
5.758729051846928071e-01
5.765566288788317451e-01
5.772081832510279620e-01
5.778002248728490997e-01
5.783238788578952683e-01
5.787817725977317806e-01
5.791802346538184043e-01
5.795221900143703309e-01
5.797999843790473395e-01
5.799867411511318016e-01
5.800287665564053396e-01
5.798688416503881005e-01
5.796340972424431914e-01
5.800490841301543243e-01
5.817441565939981407e-01
5.839197796296693443e-01
5.858572056357920221e-01
5.875407101602947435e-01
5.891073907028915313e-01
5.906528140227692569e-01
5.922285395841971889e-01
5.938604986528309704e-01
5.955607454885835095e-01
5.973335737600805606e-01
5.991786348587506694e-01
6.010925737723069595e-01
6.030699280761733228e-01
6.051036501428533887e-01
6.071854297648102694e-01
6.093059068776466303e-01
6.114548210014044693e-01
6.136211220703663427e-01
6.157930557485981060e-01
6.179582300544489426e-01
6.201036666703497735e-01
6.222158384513248874e-01
6.242806937102332032e-01
6.262836674930025715e-01
6.282096800577015028e-01
6.300431230143910266e-01
6.317678340017510719e-01
6.333670613417966555e-01
6.348234208228639153e-01
6.361188476430769123e-01
6.372345476558691768e-01
6.381509534778799786e-01
6.388476928579938097e-01
6.393035791022690928e-01
6.394966364608171139e-01
6.394041773832687126e-01
6.390029535961313512e-01
6.382694091440503925e-01
6.371800708206224462e-01
6.357121194466821557e-01
6.338441933780341042e-01
6.315574817219887782e-01
6.288371660044553835e-01
6.256742606356529013e-01
6.220678774466945615e-01
6.180278886220239576e-01
6.135778754003756719e-01
6.087581191982179840e-01
6.036282184653588567e-01
5.982687185976055533e-01
5.927809736462674728e-01
5.872844031910607887e-01
5.819104756112726262e-01
5.767932331903330434e-01
5.720569803424345734e-01
5.678027293680272258e-01
5.640958110805706083e-01
5.609573121941336948e-01
5.583614364125107921e-01
5.562395761143155148e-01
5.544902657299880522e-01
5.529928681627389597e-01
5.516222709703331173e-01
5.502621243936297590e-01
5.488149801404210715e-01
5.472086835385783221e-01
5.453991954601266068e-01
5.433705140059033045e-01
5.411325346678818038e-01
5.387176289862607437e-01
5.361765512208011009e-01
5.335740904170908072e-01
5.309847234973632535e-01
5.284884131906317783e-01
5.261666315133034511e-01
5.240986637247141422e-01
5.223582448619051855e-01
5.210105878140638413e-01
5.201098680940520191e-01
5.196972292730227538e-01
5.197993613492140064e-01
5.204276822337741137e-01
5.215781226827980177e-01
