6.820204032015425577e-01
6.820541344884942792e-01
6.820635332678337548e-01
6.820555182632074276e-01
6.820365808146428011e-01
6.820130207722649995e-01
6.819911464798124046e-01
6.819774296028500160e-01
6.819786072530344967e-01
6.820017275848406779e-01
6.820541390955715544e-01
6.821434272784893116e-01
6.822773047056739371e-01
6.824634621564563686e-01
6.827093893723817919e-01
6.830221747765242712e-01
6.834082942811914307e-01
6.838734001734165791e-01
6.844221218427686271e-01
6.850578904751026821e-01
6.857827993750033047e-01
6.865975099668638615e-01
6.875012106170976800e-01
6.884916313592892578e-01
6.895651128424865606e-01
6.907167230262183377e-01
6.919404110587477064e-01
6.932291850245239084e-01
6.945752991929162734e-01
6.959704370624719694e-01
6.974058785776421354e-01
6.988726428907593435e-01
7.003616013710589616e-01
7.018635587112909135e-01
7.033693025812938204e-01
7.048696241421705810e-01
7.063553128473191167e-01
7.078171294193447149e-01
7.092457608806477243e-01
7.106317612182269094e-01
7.119654808609913177e-01
7.132369877821170823e-01
7.144359828053616912e-01
7.155517116539297229e-01
7.165728764547772967e-01
7.174875497967400095e-01
7.182830950244861734e-01
7.189460972191042964e-01
7.194623102714614582e-01
7.198166266315101369e-01
7.199930777885766853e-01
7.199748754201309442e-01
7.197445055972127026e-01
7.192838916099231206e-01
7.185746449955323634e-01
7.175984292031680756e-01
7.163374657416069491e-01
7.147752179223432201e-01
7.128972910246579309e-01
7.106925874712222146e-01
7.081547476760163828e-01
7.052838863432668859e-01
7.020885935343316175e-01
6.985881029021669963e-01
6.948144316382807162e-01
6.908141707121538966e-01
6.866494671139362627e-01
6.823976310196073758e-01
6.781487833945285537e-01
6.740011106396150975e-01
6.700536718632421618e-01
6.663973023865550349e-01
6.631048497233654748e-01
6.602225237574873562e-01
6.577642625711784818e-01
6.557105429571284949e-01
6.540120779651319438e-01
6.525976714358916464e-01
6.513845676752960667e-01
6.502892478205568594e-01
6.492368298005596339e-01
6.481678413362685909e-01
6.470418792445453704e-01
6.458383175132199616e-01
6.445546684369606316e-01
6.432034191020215008e-01
6.418081901621999208e-01
6.403999370075009745e-01
6.390136817614830989e-01
6.376859871709779082e-01
6.364531301447805545e-01
6.353497644223614627e-01
6.344078066505406399e-01
6.336553241874058884e-01
6.331153038520176413e-01
6.328042932083370875e-01
6.327310039995053259e-01
6.328950574735625612e-01
6.332861799715051587e-01
6.338844242451032729e-01
