6.159782534038681368e-01
6.157075401028424544e-01
6.148832397066532618e-01
6.133438979673448976e-01
6.116682772271052615e-01
6.121872976651419052e-01
6.149373668361964862e-01
6.172810832326734998e-01
6.186877162657148377e-01
6.195397076037950645e-01
6.201269069594237404e-01
6.206017288056729919e-01
6.210441665619583773e-01
6.214995441340238624e-01
6.219959729769161116e-01
6.225523154194683162e-01
6.231819259197703964e-01
6.238944740716360071e-01
6.246968671020175501e-01
6.255937401766419326e-01
6.265877399511416979e-01
6.276797138420617816e-01
6.288688618133342345e-01
6.301528783527337030e-01
6.315280963004822334e-01
6.329896351648967023e-01
6.345315515991940547e-01
6.361469873095101368e-01
6.378283089368518288e-01
6.395672348168310872e-01
6.413549445314068453e-01
6.431821684905810743e-01
6.450392561644451295e-01
6.469162228566852635e-01
6.488027759636963987e-01
6.506883224545698674e-01
6.525619598343103123e-01
6.544124531398602951e-01
6.562282006090099928e-01
6.579971905996492287e-01
6.597069521720287932e-01
6.613445015270162930e-01
6.628962862641444298e-01
6.643481292368009772e-01
6.656851736933495634e-01
6.668918314623636379e-01
6.679517362416859116e-01
6.688477046663164893e-01
6.695617088565520847e-01
6.700748656951507343e-01
6.703674502782156486e-01
6.704189439641359272e-01
6.702081313548831076e-01
6.697132655068417373e-01
6.689123267504569759e-01
6.677834076285062981e-01
6.663052642910586298e-01
6.644580823782488821e-01
6.622245113329310318e-01
6.595910223421733720e-01
6.565496371121605224e-01
6.531000507381330422e-01
6.492521232821638622e-01
6.450286316854995095e-01
6.404680490279807126e-01
6.356269532953320311e-01
6.305814824314218692e-01
6.254270953479094119e-01
6.202758528793690385e-01
6.152506039325290610e-01
6.104759371537794577e-01
6.060665361682021635e-01
6.021144993779364851e-01
5.986779320288830863e-01
5.957733099619461070e-01
5.933735195974834120e-01
5.914121969771682918e-01
5.897934614654549712e-01
5.884049392750422269e-01
5.871314996688834498e-01
5.858674288259113627e-01
5.845255754922205060e-01
5.830429345413598030e-01
5.813828855218908798e-01
5.795347398165417996e-01
5.775113895186910762e-01
5.753457893471963791e-01
5.730868464028648912e-01
5.707951208341253135e-01
5.685385968783954747e-01
5.663886824241884943e-01
5.644165329131098918e-01
5.626897614940012948e-01
5.612695804361110818e-01
5.602084096705660654e-01
5.595479806812152512e-01
5.593179541538333410e-01
5.595350562059731025e-01
5.602027206485133970e-01
5.613112048369609530e-01
