6.535581080979061541e-01
6.539032916704026199e-01
6.540989227043400023e-01
6.542034094294905122e-01
6.542531541409378759e-01
6.542738119135432795e-01
6.542852661564265704e-01
6.543039100170638944e-01
6.543437162672245400e-01
6.544167471154687110e-01
6.545334074379802747e-01
6.547025888864106413e-01
6.549317770018511231e-01
6.552271544232463052e-01
6.555937119776223954e-01
6.560353677735799582e-01
6.565550885524757962e-01
6.571550054127414109e-01
6.578365162667146882e-01
6.586003690276969191e-01
6.594467217967489026e-01
6.603751786865771356e-01
6.613848020464785371e-01
6.624741035713096471e-01
6.636410180570908590e-01
6.648828644325698312e-01
6.661962992070032952e-01
6.675772676702957931e-01
6.690209580782280341e-01
6.705217636464912978e-01
6.720732564494973360e-01
6.736681762781032701e-01
6.752984361905789434e-01
6.769551449837754031e-01
6.786286452451841811e-01
6.803085641827359975e-01
6.819838732314478236e-01
6.836429516372187765e-01
6.852736489039873424e-01
6.868633411741503769e-01
6.883989772499552462e-01
6.898671109605372109e-01
6.912539178119092576e-01
6.925451952121886023e-01
6.937263469484861167e-01
6.947823539536689408e-01
6.956977347422887981e-01
6.964565002643189340e-01
6.970421094188290478e-01
6.974374332215088623e-01
6.976247377937047078e-01
6.975856991140910734e-01
6.973014660323955116e-01
6.967527925380787579e-01
6.959202657835558137e-01
6.947846627969748168e-01
6.933274757907088581e-01
6.915316525630569311e-01
6.893826029328998795e-01
6.868695214092459533e-01
6.839870656255909731e-01
6.807374027028392227e-01
6.771325831272981821e-01
6.731971152094395894e-01
6.689704875025361819e-01
6.645092268055948770e-01
6.598879104897547032e-01
6.551984277732846307e-01
6.505467890881733162e-01
6.460470112651611752e-01
6.418121199367894381e-01
6.379430706608597568e-01
6.345172097888126528e-01
6.315784618952864360e-01
6.291314274424281150e-01
6.271408684924100196e-01
6.255368245464846266e-01
6.242242697100306437e-01
6.230952800607069131e-01
6.220414134393259520e-01
6.209643877739013940e-01
6.197839114304201091e-01
6.184423372399862062e-01
6.169064373739933105e-01
6.151669350929468427e-01
6.132365102275693092e-01
6.111469063116993228e-01
6.089456014900428427e-01
6.066923313418410846e-01
6.044556082851382239e-01
6.023092845184737643e-01
6.003291549495162194e-01
5.985895882827124703e-01
5.971602007157823522e-01
5.961026375530196209e-01
5.954675899137554795e-01
5.952922286168701449e-01
5.955982647135935615e-01
5.963908284448367070e-01
5.976582887436169278e-01
