-5.250843396471359288e-07
-7.853218233283379117e-07
-1.164906590713416926e-06
-1.713784240639523440e-06
-2.500528358550190023e-06
-3.618261690433857361e-06
-5.192034760870656167e-06
-7.387869033150447271e-06
-1.042365090333551158e-05
-1.458201633370027026e-05
-2.022528452730850001e-05
-2.781237531691204074e-05
-3.791747529273345056e-05
-5.125000332786013534e-05
-6.867517348635112815e-05
-9.123417413604045421e-05
-1.201626931373152367e-04
-1.569062390074559216e-04
-2.031304503702580566e-04
-2.607243444692969379e-04
-3.317941828883942635e-04
-4.186452226147621149e-04
-5.237479244930908851e-04
-6.496841348276642062e-04
-7.990676263516208362e-04
-9.744332175527775771e-04
-1.178091306075441068e-03
-1.411951549820271608e-03
-1.677329430241942523e-03
-1.974757334537151181e-03
-2.303821462807187272e-03
-2.663036694675429729e-03
-3.049760623904813981e-03
-3.460143570812041457e-03
-3.889115146789085941e-03
-4.330414870175579474e-03
-4.776678835618899076e-03
-5.219594628397627480e-03
-5.650134121098135224e-03
-6.058871628062750640e-03
-6.436396901185624866e-03
-6.773842590688001521e-03
-7.063561479115152385e-03
-7.299958224761852847e-03
-7.480141772462072652e-03
-7.602842493821601946e-03
-7.663460771536992691e-03
-7.651282607838654978e-03
-7.560055135609096422e-03
-7.396219939882905763e-03
-7.172321171815767074e-03
-6.900826129041171507e-03
-6.593242825915432426e-03
-6.260558249715410944e-03
-5.913293853380061950e-03
-5.561168641901564902e-03
-5.212601749323850231e-03
-4.874220418280917136e-03
-4.550482896505381007e-03
-4.243497334601816461e-03
-3.953097288292995413e-03
-3.677206039001085051e-03
-3.412476553227869556e-03
-3.155131377078771674e-03
-2.901860065180489508e-03
-2.650587228636433392e-03
-2.400931845197887184e-03
-2.154251928360050982e-03
-1.913288830474605719e-03
-1.681543277881811715e-03
-1.462578757768688261e-03
-1.259434479172428980e-03
-1.074257905086098419e-03
-9.081778351104886036e-04
-7.613711709369280767e-04
-6.332462419127657133e-04
-5.226682780780487645e-04
-4.281735379936218284e-04
-3.481434745061311414e-04
-2.809304997442884679e-04
-2.249394693605170144e-04
-1.786746561133674980e-04
-1.407628850260330149e-04
-1.099618664127475088e-04
-8.516023980344152651e-05
-6.537341916639698505e-05
-4.973745884746322087e-05
-3.750193894703916423e-05
-2.802220801528918461e-05
-2.075105730791011792e-05
-1.522987038543717838e-05
-1.107936403426862797e-05
-7.990124860044593667e-06
-5.713204464885756633e-06
-4.051049386126933867e-06
-2.849013640578518515e-06
-1.987644841150834718e-06
-1.375864737363674990e-06
-9.450949403455670234e-07
-6.443177997799136313e-07
