-5.400049935949571315e-07
-8.082929610499386683e-07
-1.200485354043894736e-06
-1.768660967738660240e-06
-2.583732015544541937e-06
-3.740712013857634716e-06
-5.365291370578129569e-06
-7.622327957914112388e-06
-1.072668587264322299e-05
-1.495641674756121983e-05
-2.066800597303329910e-05
-2.831345801323890575e-05
-3.845917416126711262e-05
-5.180678866883562685e-05
-6.921667313466275181e-05
-9.173656283377030313e-05
-1.206427317902530704e-04
-1.575130330820639381e-04
-2.043649609619262273e-04
-2.637994418166469610e-04
-3.384410616640550276e-04
-4.288773454538474740e-04
-5.347186595498894203e-04
-6.585739952929936091e-04
-8.042629304323710470e-04
-9.748106576835353443e-04
-1.172503603695472388e-03
-1.399095394201972436e-03
-1.655794668613400035e-03
-1.943149607187644482e-03
-2.260902712312295483e-03
-2.607847464254912668e-03
-2.981704247006500708e-03
-3.379028987472580767e-03
-3.795166539337444921e-03
-4.224259449867708363e-03
-4.659320587814774067e-03
-5.092374981309480929e-03
-5.514672165297141403e-03
-5.916965571622326454e-03
-6.289850328262277211e-03
-6.624145664344865264e-03
-6.911303381327647127e-03
-7.143819979655468763e-03
-7.315627407146609723e-03
-7.422436319001433913e-03
-7.462006401917963515e-03
-7.434320792760956177e-03
-7.341645876664755488e-03
-7.188463632835582519e-03
-6.981270964755120767e-03
-6.728248785429077720e-03
-6.438812667361925625e-03
-6.123066258101265980e-03
-5.791188108556143306e-03
-5.452791834241168568e-03
-5.116308382135482079e-03
-4.788447078376000497e-03
-4.473797779540140615e-03
-4.174637120184607197e-03
-3.890992980594576694e-03
-3.620997087078142804e-03
-3.361511691356076307e-03
-3.108954553877827428e-03
-2.860180813252431471e-03
-2.613237125142807600e-03
-2.367811933916212207e-03
-2.125278881830515269e-03
-1.888348691910112301e-03
-1.660459984666329573e-03
-1.445100813582401262e-03
-1.245238716579855206e-03
-1.062965973617250107e-03
-8.993797214347329805e-04
-7.546504862594704535e-04
-6.282033615728672710e-04
-5.189388889097319929e-04
-4.254413420487580051e-04
-3.461466971238824674e-04
-2.794625877033165293e-04
-2.238450049099212878e-04
-1.778419868981377628e-04
-1.401151582308155581e-04
-1.094480057021349716e-04
-8.474698699601077771e-05
-6.503903615056794347e-05
-4.946720913012374679e-05
-3.728514101469922545e-05
-2.785049544511291700e-05
-2.061745904363414153e-05
-1.512838324354425526e-05
-1.100477740598100493e-05
-7.937940071112268328e-06
-5.679550845966445217e-06
-4.032533334333402269e-06
-2.842463306974045940e-06
-1.989785625843883934e-06
-1.383145321329602240e-06
-9.540322016399659136e-07
-6.523295368291482466e-07
