-5.429581364927668177e-07
-8.292568767851701066e-07
-1.239080120648709302e-06
-1.798289193085059130e-06
-2.581228553896228705e-06
-3.688586497424419592e-06
-5.244950793016936725e-06
-7.412327441601157146e-06
-1.040271532054861650e-05
-1.449115579029933063e-05
-2.003046560623655923e-05
-2.746788636219055311e-05
-3.736349060808033984e-05
-5.040992196132835856e-05
-6.745277392419552626e-05
-8.951060081011494491e-05
-1.177932039554229735e-04
-1.537164582460057334e-04
-1.989115586055251650e-04
-2.552262065729168114e-04
-3.247149723760907065e-04
-4.096159238416752528e-04
-5.123106882461817045e-04
-6.352654850033992960e-04
-7.809513957541717273e-04
-9.517432472233249398e-04
-1.149797947310928197e-03
-1.376914867032650236e-03
-1.634382796356213590e-03
-1.922819994661630711e-03
-2.242015764516065452e-03
-2.590783642216314565e-03
-2.966837542924748074e-03
-3.366702829804676857e-03
-3.785674101372331693e-03
-4.217830337381577206e-03
-4.656115790805622975e-03
-5.092491624970169571e-03
-5.518158846133276729e-03
-5.923847785975691095e-03
-6.300163616466399746e-03
-6.637971671805396358e-03
-6.928801411214519958e-03
-7.165244493770426756e-03
-7.341321429680679536e-03
-7.452793090042418925e-03
-7.497397778179842875e-03
-7.475000379746728728e-03
-7.387645270850911987e-03
-7.239507235025323048e-03
-7.036734301113387914e-03
-6.787175466593411803e-03
-6.499988827919980783e-03
-6.185134980037887767e-03
-5.852776565737796526e-03
-5.512623885274762700e-03
-5.173283632506504512e-03
-4.841679623363252284e-03
-4.522619385721422976e-03
-4.218577762652532537e-03
-3.929755832898970333e-03
-3.654446182837999511e-03
-3.389690254868304303e-03
-3.132152372236549770e-03
-2.879070303252446224e-03
-2.629090164718502886e-03
-2.382746720219807227e-03
-2.142252290990715336e-03
-1.910213608401000818e-03
-1.687855944815799206e-03
-1.475357113884439046e-03
-1.274405761645017393e-03
-1.088363369899318818e-03
-9.200982042632130592e-04
-7.708823652645603207e-04
-6.405950912430364436e-04
-5.282363412688343340e-04
-4.323366078598162086e-04
-3.512247146540305848e-04
-2.831918532712161818e-04
-2.265867810284635309e-04
-1.798666188181958115e-04
-1.416201379145622737e-04
-1.105750465737011446e-04
-8.559671973264466991e-05
-6.568278423252359199e-05
-4.995587414063379784e-05
-3.765557198814032834e-05
-2.812986690979088562e-05
-2.082619031147234440e-05
-1.528205692970995984e-05
-1.111540999335226285e-05
-8.014856848855822898e-06
-5.730040176772097881e-06
-4.062404422786501863e-06
-2.856590779466605892e-06
-1.992639667496330593e-06
-1.379112103650088494e-06
-9.471735842370855888e-07
-6.456252713760965943e-07
