-5.249565985317859764e-07
-7.840695842611797825e-07
-1.161596087670172593e-06
-1.706924637465892500e-06
-2.487815326984918090e-06
-3.596237778578371468e-06
-5.155650044562176700e-06
-7.329921373131118408e-06
-1.033407959721098350e-05
-1.444701843706320198e-05
-2.002622263949970229e-05
-2.752445108981860101e-05
-3.750815390985218277e-05
-5.067718791354349997e-05
-6.788514037427708064e-05
-9.015928486703577815e-05
-1.187188917302354536e-04
-1.549903198433287750e-04
-2.006170446632029529e-04
-2.574625363495949143e-04
-3.276036694266919636e-04
-4.133120543871981849e-04
-5.170202201658731424e-04
-6.412688498612424291e-04
-7.886303839505180973e-04
-9.616038650657156772e-04
-1.162477246698038818e-03
-1.393158177500907011e-03
-1.654982875104617614e-03
-1.948522193514187154e-03
-2.273408457120006110e-03
-2.628201803254489981e-03
-3.010303285925256325e-03
-3.415912265523843045e-03
-3.840024049176321043e-03
-4.276469275519315452e-03
-4.718003229322851634e-03
-5.156456465141964242e-03
-5.582957294073035391e-03
-5.988234432921945086e-03
-6.363008321752860325e-03
-6.698486318248767640e-03
-6.986989610624864781e-03
-7.222723395965703272e-03
-7.402466586647899437e-03
-7.524992293648390639e-03
-7.586980618400655449e-03
-7.578917771636380779e-03
-7.493152312455746492e-03
-7.334440313773272352e-03
-7.115217607293593954e-03
-6.848296384059323651e-03
-6.545316766303644479e-03
-6.217216726658566887e-03
-5.874405523189489206e-03
-5.526489025014747966e-03
-5.181795749817598960e-03
-4.846891299538205744e-03
-4.526201065684354319e-03
-4.221826554937602519e-03
-3.933617805759364976e-03
-3.659534907736440579e-03
-3.396285403325204153e-03
-3.140160992742931177e-03
-2.887929793083303474e-03
-2.637596353563153011e-03
-2.388850743721522823e-03
-2.143103348791813509e-03
-1.903122963761854324e-03
-1.672412465021038243e-03
-1.454517421204786333e-03
-1.252447452379308341e-03
-1.068317261886159077e-03
-9.032260885604848208e-04
-7.573279433447216956e-04
-6.300159265597234147e-04
-5.201471558084504437e-04
-4.262557110359970662e-04
-3.467255603695427449e-04
-2.799152663697347470e-04
-2.242385960524995972e-04
-1.782107081871836085e-04
-1.404704998042311393e-04
-1.097881211234711025e-04
-8.506421660859681986e-05
-6.532507200274471112e-05
-4.971597801453243198e-05
-3.749386401445402615e-05
-2.801953881652688517e-05
-2.074956154098500717e-05
-1.522770677148448253e-05
-1.107605877452248749e-05
-7.985876337577413981e-06
-5.708455118960775592e-06
-4.046252400441523371e-06
-2.844527803604569547e-06
-1.983705010353353688e-06
-1.372591113417820652e-06
-9.425180230729405750e-07
-6.424060353934810657e-07
