1.173270710267158114e-06
1.771303733510191848e-06
2.651729450654641542e-06
3.937002027881643988e-06
5.798148208456201761e-06
8.472201009879850943e-06
1.228459903759998211e-05
1.767713865857871913e-05
2.524227479961217981e-05
3.576496958803684423e-05
5.027341362914173218e-05
7.009958866972584705e-05
9.694996014801810869e-05
1.329856412582438132e-04
1.809098139991825510e-04
2.440570916458593834e-04
3.264727086526747501e-04
4.329550493850172388e-04
5.690185143191520654e-04
7.408307170034514506e-04
9.558687949532835562e-04
1.225126373879510460e-03
1.561927807263925258e-03
1.977574218859245569e-03
2.483048730252723595e-03
3.090842058345549641e-03
3.814473223960241927e-03
4.667739485993466567e-03
5.664089041508340791e-03
6.816003565055770569e-03
8.134330780534423933e-03
9.627561167052848742e-03
1.130106712087192503e-02
1.315633530728193765e-02
1.519023095836244917e-02
1.739433835996625002e-02
1.975442480810023216e-02
2.225007553087686787e-02
2.485454408024204490e-02
2.753485626477935114e-02
3.025219582561854831e-02
3.296258703700433168e-02
3.561787382010955100e-02
3.816697764957252548e-02
4.055739859649208634e-02
4.273690654031647024e-02
4.465535421263661098e-02
4.626653157893365065e-02
4.752997322041756234e-02
4.841262765532045043e-02
4.889030034435648542e-02
4.894879038502102098e-02
4.858465402644478875e-02
4.780554506079750382e-02
4.663010143551927361e-02
4.508736752038226825e-02
4.321576103833794924e-02
4.106161217896902443e-02
3.867732065202452579e-02
3.611919690327806964e-02
3.344508017296207725e-02
3.071186155137960172e-02
2.797308294219799998e-02
2.527682157762006082e-02
2.266408196261139943e-02
2.016787645713589636e-02
1.781306964489793795e-02
1.561691067613824382e-02
1.359003685606276907e-02
1.173766297053329723e-02
1.006070262265880248e-02
8.556674919658682765e-03
7.220372593735853960e-03
6.044352695569752201e-03
5.019338553445174163e-03
4.134604119836352704e-03
3.378374927086470920e-03
2.738245473295993805e-03
2.201591775240068893e-03
1.755951269752294239e-03
1.389346264770281074e-03
1.090536448541485444e-03
8.491961319372352043e-04
6.560201892916855135e-04
5.027680136014263087e-04
3.822573398263500529e-04
2.883202248446490885e-04
2.157326068633858517e-04
1.601273395034117459e-04
1.178988243283858264e-04
8.610559276893924290e-05
6.237554596184184186e-05
4.481711630282643390e-05
3.193839410212263158e-05
2.257526308181424080e-05
1.582879087911945242e-05
1.101155150385392578e-05
7.602409537702706601e-06
5.209721630810069459e-06
3.542845324582935561e-06
