9.415031754532412781e-07
1.422703644339956076e-06
2.132222693887849922e-06
3.169434103826410904e-06
4.672724489832692217e-06
6.832951554033181533e-06
9.910781379862145229e-06
1.425871753370871705e-05
2.034868543482686677e-05
2.880604249594419407e-05
4.045082946657361307e-05
5.634693827179715673e-05
7.785961899958356578e-05
1.067213535622501663e-04
1.451055568633825550e-04
1.957068044383889751e-04
2.618253162959611915e-04
3.474522575797520628e-04
4.573510873008021049e-04
5.971287864930460839e-04
7.732894896594335807e-04
9.932620835187465705e-04
1.265393057254733146e-03
1.598896586250658303e-03
2.003755488315786971e-03
2.490568571793234150e-03
3.070340430787071775e-03
3.754207478675576897e-03
4.553089794817066945e-03
5.477256779594956958e-03
6.535801352193598875e-03
7.736033172051524735e-03
9.082819335638918357e-03
1.057791266665570988e-02
1.221931036812473961e-02
1.400068308468840374e-02
1.591091094377595355e-02
1.793376038758049199e-02
2.004773197177602689e-02
2.222610181175932106e-02
2.443716440197076303e-02
2.664465773605586077e-02
2.880831208813100161e-02
3.088444930291355320e-02
3.282680120038733440e-02
3.458884017877886935e-02
3.612997091939965794e-02
3.742107397512901834e-02
3.843764108088314896e-02
3.915219034206765536e-02
3.953992910939715250e-02
3.958529819433096592e-02
3.928351690983081929e-02
3.864018133253053350e-02
3.767060757055636089e-02
3.639907514026344965e-02
3.485784660753047520e-02
3.308588989719700446e-02
3.112729355144301657e-02
2.902940893882542672e-02
2.684078940119802303e-02
2.460903524140142795e-02
2.237869739405133618e-02
2.018943233242047677e-02
1.807461530194458266e-02
1.606058307449554148e-02
1.416657862206791019e-02
1.240532711725968532e-02
1.078403736081838538e-02
9.305554928006340779e-03
7.969421927721537582e-03
6.772700991883302477e-03
5.710541412458775001e-03
4.776550825605284725e-03
3.963065572954498940e-03
3.261397501771816452e-03
2.662099212213613238e-03
2.155255198733834528e-03
1.730783961377464026e-03
1.378727491129340269e-03
1.089505990087095153e-03
8.541224957814792578e-04
6.643103501863651360e-04
5.126237927691826854e-04
3.924772852277284970e-04
2.981423059683284654e-04
2.247115847198391406e-04
1.680405771655848807e-04
1.246749181111014870e-04
9.177107592318265719e-05
6.701578655682148685e-05
4.854828669154586610e-05
3.488801200983614794e-05
2.486932734882211975e-05
1.758401218947158620e-05
1.233161255540538037e-05
8.577351543001725736e-06
5.917025585454485915e-06
4.048165341737271035e-06
2.746677392115212619e-06
