1.686198440324451845e-06
2.545702075423342032e-06
3.811767263254703247e-06
5.660729862779352449e-06
8.337825067684741020e-06
1.218075988387262072e-05
1.764997601608972263e-05
2.536696898904549036e-05
3.616210527933438060e-05
5.113337549312054446e-05
7.171740480502012977e-05
9.977377416041712259e-05
1.376832454433211744e-04
1.884597876299285693e-04
2.558753286102908599e-04
3.445948784313521683e-04
4.603180722490805041e-04
6.099212823817165650e-04
8.015923078314246900e-04
1.044947384545301481e-03
1.351118066887358393e-03
1.732793702181112134e-03
2.204204140173279206e-03
2.781027401396657817e-03
3.480208532616020992e-03
4.319678589273090799e-03
5.317965632190171758e-03
6.493691351774838645e-03
7.864946874712362701e-03
9.448541720015897136e-03
1.125912579620848460e-02
1.330819954990852642e-02
1.560304930341720187e-02
1.814566501240380200e-02
2.093170881669336597e-02
2.394960417352755624e-02
2.717981123327110199e-02
3.059434805762883264e-02
3.415660953193342536e-02
3.782152401862457630e-02
4.153606850866158745e-02
4.524013243719077898e-02
4.886767711387830782e-02
5.234810656059166872e-02
5.560790792597131160e-02
5.857344996181475943e-02
6.117711641336887052e-02
6.336454829357791863e-02
6.509132771877707002e-02
6.631476061070618044e-02
6.699818053092364278e-02
6.711865291794789912e-02
6.666942538277297048e-02
6.565963839645218292e-02
6.411345050948051572e-02
6.206888573343481014e-02
5.957629662687818906e-02
5.669638312514537620e-02
5.349778567710557903e-02
5.005432525546690825e-02
4.644200432112165905e-02
4.273592399216281229e-02
3.900731611404240767e-02
3.532092489205364977e-02
3.173297926357505905e-02
2.828994867318711942e-02
2.502816069641737237e-02
2.197420176187046478e-02
1.914587805237266682e-02
1.655344359836652401e-02
1.420083299288747193e-02
1.208674068190830966e-02
1.020550845381235257e-02
8.547865673189698407e-03
7.101594180928634190e-03
5.852174044070022722e-03
4.783432638476549197e-03
3.878188820324586332e-03
3.118866180721317338e-03
2.488045248571236004e-03
1.968929934619392634e-03
1.545713511066302117e-03
1.203840091091505507e-03
9.301665976821919986e-04
7.130366270041477205e-04
5.422813353408506088e-04
4.091638863147555689e-04
3.062836328248039739e-04
2.274546340484044453e-04
1.675708233649420866e-04
1.224675675380155983e-04
8.878681606030202939e-05
6.385075503465600629e-05
4.554697390477982732e-05
3.222666110088040525e-05
2.261624140623462394e-05
1.574209695216854894e-05
1.086750934242765162e-05
7.440660795905547627e-06
5.052385269047233876e-06
