1.417942083107827177e-06
2.123095307851139861e-06
3.170861410521694354e-06
4.736060702427997514e-06
7.021244251699202312e-06
1.030643421815435688e-05
1.498476528001344107e-05
2.159055489781364353e-05
3.083855048473281498e-05
4.367416260327941518e-05
6.133464459114957353e-05
8.542185063498211074e-05
1.179870488449183787e-04
1.616277227609541026e-04
2.195954764884600443e-04
2.959130763346113995e-04
3.954973185360796998e-04
5.242828301021893985e-04
6.893401382500481114e-04
8.989794670571624223e-04
1.162829856090927738e-03
1.491881496233415276e-03
1.898477823800991376e-03
2.396243111910371752e-03
2.999931273544183350e-03
3.725182576989320097e-03
4.588177190374892640e-03
5.605178090526441101e-03
6.791960978453518392e-03
8.163135400544569917e-03
9.731369088931860270e-03
1.150653625027900882e-02
1.349481963604995394e-02
1.569780507203865846e-02
1.811161496741155175e-02
2.072613337475162978e-02
2.352437865880249376e-02
2.648208006298607975e-02
2.956751090434311252e-02
3.274162346496097692e-02
3.595851884044411195e-02
3.916626932173349063e-02
4.230809192149780767e-02
4.532385034576855154e-02
4.815184034884533587e-02
5.073079167276001861e-02
5.300200071584839495e-02
5.491149397253824310e-02
5.641211519236849492e-02
5.746543022915905768e-02
5.804335218048307238e-02
5.812940351050119303e-02
5.771954862783177514e-02
5.682254792360562357e-02
5.545980226363286802e-02
5.366467612322205205e-02
5.148130849464375297e-02
4.896294314612741755e-02
4.616983345864313082e-02
4.316680277650856296e-02
4.002057136154523603e-02
3.679699783328224671e-02
3.355842451696536277e-02
3.036135187388411955e-02
2.725467614696432117e-02
2.427867812673817349e-02
2.146481497794669110e-02
1.883609275505885791e-02
1.640743423513649213e-02
1.418574693309593467e-02
1.217113158552021387e-02
1.036006192300182108e-02
8.747330224321399339e-03
7.325608484482592012e-03
6.084981654651902723e-03
5.013274386583750977e-03
4.096700465752136505e-03
3.320518581467448577e-03
2.669616361280892879e-03
2.129010427605555322e-03
1.684257025963053741e-03
1.321769239687469290e-03
1.029041318214147594e-03
7.947862522297325597e-04
6.089973506235208962e-04
4.629473578980676388e-04
3.491395852154471121e-04
2.612249941705252054e-04
1.938976597339938659e-04
1.427790019947477063e-04
1.042989737285409237e-04
7.558027157492582817e-05
5.432975332798504266e-05
3.873966528571778125e-05
2.740002923792609447e-05
1.922259090229573881e-05
1.337605365922629191e-05
9.231868602593664957e-06
6.319578854547930551e-06
4.290580855278868400e-06
