1.986466008151975814e-06
2.992706605351459680e-06
4.471931477875648321e-06
6.627924699349183846e-06
9.743480331604326546e-06
1.420714384857286249e-05
2.054740360528854203e-05
2.947579590262243844e-05
4.194045051366274710e-05
5.919157664347559391e-05
8.286023419029218875e-05
1.150514094668994130e-04
1.584518740006793022e-04
2.164525074861091598e-04
2.932836765670175021e-04
3.941608589456707277e-04
5.254359879584237156e-04
6.947479964859549573e-04
9.111638286154836184e-04
1.185298874476935953e-03
1.529403527452152843e-03
1.957400570228119262e-03
2.484856615445001950e-03
3.128870136186392634e-03
3.907859010112047123e-03
4.841232242147086237e-03
5.948933850729427875e-03
7.250851945611000091e-03
8.766092816607081936e-03
1.051212826728743950e-02
1.250383416541111549e-02
1.475244875713471737e-02
1.726449003952858566e-02
2.004068158772890837e-02
2.307494476702270925e-02
2.635352126855131441e-02
2.985429248240591832e-02
3.354636060098652173e-02
3.738995000724110868e-02
4.133667625297836323e-02
4.533021397099635391e-02
4.930737501805352446e-02
5.319958506290449474e-02
5.693472213875047649e-02
6.043925607948365947e-02
6.364060511556654531e-02
6.646960707622524833e-02
6.886298931644288523e-02
7.076571500678381643e-02
7.213308465705794981e-02
7.293248096898273525e-02
7.314466196650543095e-02
7.276453084039295749e-02
7.180133950743128324e-02
7.027831452726010508e-02
6.823172647543265801e-02
6.570945480351496337e-02
6.276912742267376499e-02
5.947593584845068532e-02
5.590024134564933189e-02
5.211509430940658438e-02
4.819378794907457769e-02
4.420755867228122471e-02
4.022353042413025215e-02
3.630298008783389152e-02
3.249997765374865177e-02
2.886043008839547785e-02
2.542153351009319995e-02
2.221161603220890915e-02
1.925033478191336134e-02
1.654917606115636347e-02
1.411219787911431600e-02
1.193694922350153724e-02
1.001550014958019208e-02
8.335520446560714530e-03
6.881351476717871736e-03
5.635024843758199356e-03
4.577191883198817451e-03
3.687938686681762213e-03
2.947471703447765434e-03
2.336668297141386661e-03
1.837494548591080828e-03
1.433298841803898457e-03
1.108994275004202652e-03
8.511457652634103494e-04
6.479790348928786501e-04
4.893287219185713920e-04
3.665419238514358493e-04
2.723518486604161338e-04
2.007341775840290176e-04
1.467564758912817062e-04
1.064287111943818876e-04
7.656079839838768450e-05
5.463118356321257591e-05
3.866886191209253660e-05
2.714991916966207934e-05
1.890868457876585635e-05
1.306286345185432546e-05
8.951540216607717295e-06
6.084667135102565796e-06
