-4.756883497410533360e-07
-7.101339638865179666e-07
-1.051678979208873990e-06
-1.544671445497516952e-06
-2.249225279634206077e-06
-3.245589937515929592e-06
-4.639599486507921245e-06
-6.569655794348565403e-06
-9.215546153712531876e-06
-1.280904447542575366e-05
-1.764602821499283545e-05
-2.409987879792312818e-05
-3.263605969579101186e-05
-4.382789305967226679e-05
-5.837387892225740128e-05
-7.711798367804276199e-05
-1.010773889181386826e-04
-1.314891629130338535e-04
-1.698934924232497535e-04
-2.182057734417274550e-04
-2.783205362535962481e-04
-3.507757770091675126e-04
-4.354932632012013523e-04
-5.344323305368232219e-04
-6.503139293722116953e-04
-7.852109585363167788e-04
-9.405976349020143653e-04
-1.117492049461556256e-03
-1.316437853028693417e-03
-1.537415616685150303e-03
-1.779739248256033586e-03
-2.041961144317355498e-03
-2.321799195727075864e-03
-2.616095610600959256e-03
-2.920816006720128918e-03
-3.231095566593581749e-03
-3.541336742177864268e-03
-3.845359971779674542e-03
-4.136605243689005403e-03
-4.408378335099692909e-03
-4.654131471808366401e-03
-4.867764339712112726e-03
-5.043928190588935732e-03
-5.178313557050550145e-03
-5.267901106943658103e-03
-5.311155630640738111e-03
-5.308145176679406572e-03
-5.260570940191185325e-03
-5.171698566016755781e-03
-5.046187850750038714e-03
-4.889825113975865625e-03
-4.709170374111562411e-03
-4.511139460556069791e-03
-4.302548827051358611e-03
-4.089657559926327540e-03
-3.877746271222984233e-03
-3.670775424424595982e-03
-3.471165048053026416e-03
-3.279732248402433218e-03
-3.095810672812628582e-03
-2.917555647976000609e-03
-2.742410185326187369e-03
-2.567673623187745682e-03
-2.391083952605771185e-03
-2.211308103712204126e-03
-2.028242678989625788e-03
-1.843065207935374065e-03
-1.658035376489046513e-03
-1.476107727462355485e-03
-1.300459426424267978e-03
-1.134044311710800902e-03
-9.792585001286283931e-04
-8.377578127711580568e-04
-7.104223104580896248e-04
-5.974324325158963164e-04
-4.984093468330882959e-04
-4.125758425571913741e-04
-3.389064463453482523e-04
-2.762497499466032486e-04
-2.234178790551610524e-04
-1.792458463562540921e-04
-1.426272847907570187e-04
-1.125337634936535955e-04
-8.802381456917488238e-05
-6.824604137728940893e-05
-5.243897732013798042e-05
-3.992908108973594264e-05
-3.012746547628809336e-05
-2.252557567111715853e-05
-1.668991857913385135e-05
-1.225596703170291749e-05
-8.921429197383391431e-06
-6.439129981725246675e-06
-4.609774159674831430e-06
-3.274848285771089348e-06
-2.309887248876746032e-06
-1.618322942636873942e-06
-1.126181004188617541e-06
-7.778471208411205800e-07
-5.326248963258773842e-07
