-4.745000163336727202e-07
-7.206279445086550056e-07
-1.073855846117159402e-06
-1.558866166268604839e-06
-2.237862932346909964e-06
-3.195829632915719152e-06
-4.538546338400003683e-06
-6.403228062591149689e-06
-8.968667132028403541e-06
-1.246573697749402913e-05
-1.718912764436515103e-05
-2.351043259882998145e-05
-3.189238454186934076e-05
-4.290381551045260324e-05
-5.723468732742518735e-05
-7.571028178449956138e-05
-9.930335830157217640e-05
-1.291427926729111467e-04
-1.665169253588487538e-04
-2.128696039848519575e-04
-2.697867472242085015e-04
-3.389712425984909151e-04
-4.222041810955436429e-04
-5.212908830296911341e-04
-6.379909172666952798e-04
-7.739323602465386165e-04
-9.305118419400936749e-04
-1.108783405776271646e-03
-1.309340765032032282e-03
-1.532199050107169429e-03
-1.776683481321775010e-03
-2.041333434482690921e-03
-2.323830948793774703e-03
-2.620962715283445439e-03
-2.928623848572023403e-03
-3.241870189487917539e-03
-3.555023472832036149e-03
-3.861830465753229510e-03
-4.155673276472588232e-03
-4.429823694011156103e-03
-4.677729994521072528e-03
-4.893320578768822413e-03
-5.071305595593098188e-03
-5.207455883784273785e-03
-5.298838587466731670e-03
-5.343990918079456927e-03
-5.343017616359384790e-03
-5.297603060737650707e-03
-5.210934577166733209e-03
-5.087538209092325875e-03
-4.933031576237079802e-03
-4.753801303015934600e-03
-4.556616644197605294e-03
-4.348197961930117851e-03
-4.134768541052035243e-03
-3.921628691657769172e-03
-3.712798842167941513e-03
-3.510780343119343505e-03
-3.316477066942036082e-03
-3.129306691298501183e-03
-2.947507652705282002e-03
-2.768617355173370875e-03
-2.590063308886625133e-03
-2.409779329470974722e-03
-2.226743667930936033e-03
-2.041338277772773279e-03
-1.855425316608819196e-03
-1.671965657314127256e-03
-1.493919086162172035e-03
-1.322793303419185669e-03
-1.158840996790282433e-03
-1.003269183865654682e-03
-8.586972729651853485e-04
-7.274814409018777071e-04
-6.107463162609972187e-04
-5.085095378686278712e-04
-4.200855952812045926e-04
-3.444082497497469655e-04
-2.802385024629796260e-04
-2.262917176900714812e-04
-1.813127588115192766e-04
-1.441179397857145022e-04
-1.136161404873931399e-04
-8.881736624213496748e-05
-6.883417211108963391e-05
-5.287927736729636680e-05
-4.026122170867984346e-05
-3.037896938092629184e-05
-2.271583978902425529e-05
-1.683290950036379595e-05
-1.236197466090134508e-05
-8.998191929624660049e-06
-6.492566536052278923e-06
-4.644492057992009886e-06
-3.294553769928242745e-06
-2.317786086742877747e-06
-1.617532559841343239e-06
-1.120004433528585363e-06
-7.695804930192507045e-07
-5.248438822641697570e-07
