-4.642590068685087234e-07
-6.919156620117929797e-07
-1.022769134702511155e-06
-1.499413376421572343e-06
-2.180061026872493451e-06
-3.143401550172998599e-06
-4.494613956177042103e-06
-6.372678460251016723e-06
-8.959105408413150105e-06
-1.248815324379069852e-05
-1.725853348401563701e-05
-2.364649328208794709e-05
-3.212002123550302492e-05
-4.325373982382265439e-05
-5.774383317189177523e-05
-7.642212160209106188e-05
-1.002681487553693467e-04
-1.304179096769477234e-04
-1.681676351151176608e-04
-2.149708673062742813e-04
-2.724269091014880286e-04
-3.422585724311729533e-04
-4.262769493164431187e-04
-5.263306630805178856e-04
-6.442368505929070522e-04
-7.816913995551428174e-04
-9.401575179541062045e-04
-1.120735405425499686e-03
-1.324021584686152671e-03
-1.549972295678074628e-03
-1.797787596136041048e-03
-2.065829047808249476e-03
-2.351576071575676996e-03
-2.651619687133880202e-03
-2.961691386865859896e-03
-3.276728363479915456e-03
-3.590980113774201125e-03
-3.898162442788147448e-03
-4.191662841588724570e-03
-4.464797921096341077e-03
-4.711121518641688162e-03
-4.924783482698880284e-03
-5.100943491264481496e-03
-5.236233752151688882e-03
-5.329145548761999793e-03
-5.379736531129857523e-03
-5.387510164796168767e-03
-5.349145330782086212e-03
-5.262552197757033173e-03
-5.132607643018175132e-03
-4.968501593979261777e-03
-4.779409199626690266e-03
-4.573450090197854999e-03
-4.357843797164077937e-03
-4.138914625272214695e-03
-3.921880911054969297e-03
-3.710594285506850151e-03
-3.507348726405831296e-03
-3.312829157839857711e-03
-3.126236555176396727e-03
-2.945598118807504426e-03
-2.768239446112028424e-03
-2.591360606750805866e-03
-2.412626077052780135e-03
-2.230660853540718767e-03
-2.045353178614592055e-03
-1.857902799579704781e-03
-1.670614624133288624e-03
-1.486501120161350803e-03
-1.308799514659867705e-03
-1.140517076193079153e-03
-9.840908144173564354e-04
-8.412019055411345614e-04
-7.127395577660080705e-04
-5.988780942587719654e-04
-4.992193206816857064e-04
-4.129562169591537353e-04
-3.390264779636031878e-04
-2.762386899823371009e-04
-2.233657075417423720e-04
-1.792074616092208933e-04
-1.426291830965667365e-04
-1.125819185386264516e-04
-8.811144541073746492e-05
-6.836023225333211553e-05
-5.256556308940459434e-05
-4.005568025063510634e-05
-3.024490221922642249e-05
-2.262812575157722940e-05
-1.677484981425005975e-05
-1.232277334770486268e-05
-8.971037384061342378e-06
-6.473239740207102809e-06
-4.630403703048160755e-06
-3.284107957329176477e-06
-2.309977806801751490e-06
-1.611703285276864701e-06
-1.115699170833097692e-06
-7.664667791981900091e-07
-5.226668078907930704e-07
