-4.666707585777311890e-07
-6.962520493220465048e-07
-1.030172725688443767e-06
-1.511594736634384293e-06
-2.199529357620017900e-06
-3.173763930767909298e-06
-4.540955983578423036e-06
-6.442041717661398829e-06
-9.061080213501563423e-06
-1.263560667560748648e-05
-1.746849061756870287e-05
-2.394118265914245685e-05
-3.252808439221958951e-05
-4.381159137549010650e-05
-5.849714573592577460e-05
-7.742740220260411002e-05
-1.015943733141102596e-04
-1.321481911860554405e-04
-1.704009166493526900e-04
-2.178236425873477169e-04
-2.760349560711791283e-04
-3.467785952755909787e-04
-4.318878049382362844e-04
-5.332334678204774881e-04
-6.526528055558760040e-04
-7.918559496931551174e-04
-9.523099978802656478e-04
-1.135104985471853487e-03
-1.340812588473318072e-03
-1.569353122746821282e-03
-1.819885896426988664e-03
-2.090731928889787757e-03
-2.379330852053183898e-03
-2.682230671503570488e-03
-2.995111115509633062e-03
-3.312845324397940393e-03
-3.629606864211765583e-03
-3.939028122558056386e-03
-4.234413081790452255e-03
-4.509004319469466122e-03
-4.756303104601699618e-03
-4.970444654661315687e-03
-5.146636347675124373e-03
-5.281649015924295976e-03
-5.374183674478899206e-03
-5.424333631497848737e-03
-5.431005816719828086e-03
-5.390187955268469638e-03
-5.300357332004507552e-03
-5.167266559869368968e-03
-5.000243207407694020e-03
-4.808339019848309644e-03
-4.599628718780867861e-03
-4.381360758995149658e-03
-4.159910334483402083e-03
-3.940542496851927659e-03
-3.727143054800141891e-03
-3.522026537035009060e-03
-3.325886031360146371e-03
-3.137919816005796652e-03
-2.956142521397836509e-03
-2.777857631171759285e-03
-2.600233724635195569e-03
-2.420895373783307422e-03
-2.238421975038802723e-03
-2.052655255028883879e-03
-1.864753577995483533e-03
-1.676991208486130125e-03
-1.492364072464920930e-03
-1.314107113709078300e-03
-1.145236845480575522e-03
-9.882067068074959319e-04
-8.447170312209660624e-04
-7.156754184813585423e-04
-6.012716921317744299e-04
-5.011193662087434081e-04
-4.144192532911772755e-04
-3.401133226472217259e-04
-2.770113101170985806e-04
-2.238845175370282473e-04
-1.795290246521923647e-04
-1.428043447431315402e-04
-1.126544461621214988e-04
-8.811725454618707658e-05
-6.832724033394607481e-05
-5.251413611792973184e-05
-3.999955608277276636e-05
-3.019241420718177618e-05
-2.258353093711705292e-05
-1.673958863878203192e-05
-1.229654027187123776e-05
-8.952604248685226579e-06
-6.461028434932380063e-06
-4.622841566898611567e-06
-3.279816557955688376e-06
-2.307847388475811134e-06
-1.610897493803859271e-06
-1.115623341707608601e-06
-7.667219511565946958e-07
-5.230026106007455740e-07
