9.976911493520512132e-07
1.508294423329558939e-06
2.261561619202943462e-06
3.363324953826875513e-06
4.961062789674152928e-06
7.258295019414975273e-06
1.053312847378401396e-05
1.516182011319319958e-05
2.164828035697203659e-05
3.066044658697886493e-05
4.307439708247209534e-05
6.002692353714703019e-05
8.297700712826203964e-05
1.137762183591621757e-04
1.547474560378620423e-04
2.087706340736521942e-04
2.793729074490313986e-04
3.708198125040281846e-04
4.882023237682959452e-04
6.375133849308771373e-04
8.257060956504566835e-04
1.060724631038983089e-03
1.351498381696467207e-03
1.707889938829087800e-03
2.140588419468221135e-03
2.660940829609484068e-03
3.280714875061276591e-03
4.011786190804290594e-03
4.865742090569988298e-03
5.853395448771494744e-03
6.984209496116249548e-03
8.265647323062331325e-03
9.702474327432895895e-03
1.129605208802157874e-02
1.304366612413372824e-02
1.493792980979236594e-02
1.696630526962013275e-02
1.911078032241005434e-02
2.134773732405793531e-02
2.364804314116696060e-02
2.597737745641970700e-02
2.829679724401367932e-02
3.056350889760423364e-02
3.273180555275496256e-02
3.475423625480389411e-02
3.658360783396102933e-02
3.817698473417145688e-02
3.949958068763984725e-02
4.052215574517620961e-02
4.121733794926694949e-02
4.156314863527181547e-02
4.154721072728746745e-02
4.116788965835942865e-02
4.043405798868532353e-02
3.936450319740490700e-02
3.798707287134672761e-02
3.633749272752968829e-02
3.445784034757955888e-02
3.239471355924005563e-02
3.019717573605123009e-02
2.791459623548943683e-02
2.559453444561770111e-02
2.328083555766615603e-02
2.101210529561986506e-02
1.882069882308098213e-02
1.673229191608022193e-02
1.476601000719449629e-02
1.293499772957499433e-02
1.124724935372951005e-02
9.706510768807149678e-03
8.313105951643464872e-03
7.064612731769432004e-03
5.956382968733192271e-03
4.981947669779556928e-03
4.133361225517487823e-03
3.401528229056844255e-03
2.776534663766173309e-03
2.247984309377729344e-03
1.805327459309773825e-03
1.438163797795187016e-03
1.136502764948350494e-03
8.909700767552788253e-04
6.929556540860140655e-04
5.347042516820461845e-04
4.093546246991220327e-04
3.109358535452124046e-04
2.343306143590759695e-04
1.752150872833539339e-04
1.299842499590142151e-04
9.566988847148717235e-05
6.985707396759312379e-05
5.060331217853650346e-05
3.636320392410571445e-05
2.592031935126801756e-05
1.832710144964452845e-05
1.285295948124562292e-05
8.940258671842903114e-06
6.167621378437687630e-06
4.219790118957533233e-06
2.863231499983207028e-06
