1.235367398039581811e-06
1.866000460166551646e-06
2.795186020571182738e-06
4.152808512163481418e-06
6.120272284599224483e-06
8.948789897690480791e-06
1.298284468322805347e-05
1.868955981205435503e-05
2.669489703193353103e-05
3.782792529477731073e-05
5.317446767255153297e-05
7.414109003958537327e-05
1.025297620324538826e-04
1.406226547201045438e-04
1.912752002713930303e-04
2.580131055837276040e-04
3.451241883183228882e-04
4.577267855505839336e-04
6.017889892492848296e-04
7.841462279080853044e-04
1.013010521848353761e-03
1.299429932915406767e-03
1.656343489757258845e-03
2.095586990291242215e-03
2.629163747114887650e-03
3.270457870543043519e-03
4.033737802326535851e-03
4.933466418076467609e-03
5.983683243790316984e-03
7.197364685745034907e-03
8.585719878838599453e-03
1.015742426719148765e-02
1.191781354556063419e-02
1.386807206989623675e-02
1.600445785730969517e-02
1.831761196889213766e-02
2.079200319889997275e-02
2.340555907619887646e-02
2.612953076089239920e-02
2.892863222724258859e-02
3.176148317382480879e-02
3.458137072136027723e-02
3.733732780440021659e-02
3.997550719747394038e-02
4.244081055172043565e-02
4.467871303001161309e-02
4.663720754619801734e-02
4.826877959542374280e-02
4.953231536720889561e-02
5.039484310450929178e-02
5.083301094278271787e-02
5.083421369979659876e-02
5.039729579096892398e-02
4.953277672612829002e-02
4.826256837625658713e-02
4.661917825834498846e-02
4.464441962780339029e-02
4.238767685287093273e-02
3.990380354667001639e-02
3.725076147499221252e-02
3.448713951116400001e-02
3.166972035300738564e-02
2.885128076481381990e-02
2.607880753768489213e-02
2.339227515947811878e-02
2.082405872700983027e-02
1.839895776482865578e-02
1.613470953745950454e-02
1.404280626405800952e-02
1.212942096452815366e-02
1.039628994249237708e-02
8.841472432747101567e-03
7.459977951496553003e-03
6.244296259917020940e-03
5.184877373309957661e-03
4.270597677453203886e-03
3.489226567396799469e-03
2.827887796181771402e-03
2.273497264645315402e-03
1.813155543132130522e-03
1.434477023322236261e-03
1.125845051901712846e-03
8.765906671718865385e-04
6.770995370876356674e-04
5.188563981138314459e-04
3.944386600235597800e-04
2.974713465630316887e-04
2.225548146055786271e-04
1.651752836061144941e-04
1.216065017889012299e-04
8.880912037879243391e-05
6.433268743993840889e-05
4.622369061815990348e-05
3.294181288400311285e-05
2.328552404983714677e-05
1.632729986343641718e-05
1.135815486037412269e-05
7.840949550792114010e-06
5.372256689296566688e-06
3.652627923449496398e-06
