1.744941074606350373e-06
2.634784902528069383e-06
3.945809383742766823e-06
5.860847463752268360e-06
8.634249182651809810e-06
1.261637987585753867e-05
1.828507698497143584e-05
2.628548506618294300e-05
3.747976746157347040e-05
5.300818949865870612e-05
7.436294686186231727e-05
1.034758340592731524e-04
1.428203680993533171e-04
1.955282570610484346e-04
2.655190917545901760e-04
3.576408119680673245e-04
4.778168478303500277e-04
6.331938829015062390e-04
8.322819919721656870e-04
1.085076591080513016e-03
1.403149384738442080e-03
1.799693564581359524e-03
2.289507226998532905e-03
2.888898669578474250e-03
3.615498124064503872e-03
4.487962518486936399e-03
5.525562535188528399e-03
6.747643830686296008e-03
8.172956708664457295e-03
9.818852350945766680e-03
1.170035193533466335e-02
1.382910952936423389e-02
1.621230833643333771e-02
1.885154683584095575e-02
2.174178161750999275e-02
2.487039669034258119e-02
2.821646736421601701e-02
3.175028267100067636e-02
3.543318362912591113e-02
3.921776378835517551e-02
4.304846140081871469e-02
4.686254756134810434e-02
5.059148192255924492e-02
5.416258051870315171e-02
5.750099782200799453e-02
6.053241527815550471e-02
6.318746392394576639e-02
6.540680062230772029e-02
6.714075536512568998e-02
6.834597025338282061e-02
6.898850994925521951e-02
6.904878436203454317e-02
6.852327544156892880e-02
6.742440638884046600e-02
6.577977849919058873e-02
6.363094838453495217e-02
6.103169983525205677e-02
5.804581529369434029e-02
5.474441934550740990e-02
5.120301825405839530e-02
4.749840030868259649e-02
4.370559360171719088e-02
3.989509561215081462e-02
3.613058220381959451e-02
3.246726171598273564e-02
2.895095993115314251e-02
2.561791614278235638e-02
2.249516703369605630e-02
1.960132646958281585e-02
1.694755686135131223e-02
1.453856900519104496e-02
1.237355793477002384e-02
1.044705061786590367e-02
8.749684685693256275e-03
7.268950074632312200e-03
5.989915593831954266e-03
4.895943378423499824e-03
3.969377111848406900e-03
3.192180525649163277e-03
2.546501737479108223e-03
2.015144278049675261e-03
1.581934119520355102e-03
1.231980989020691440e-03
9.518399758659881749e-04
7.295850686253779922e-04
5.548096133642738343e-04
4.185699981496954214e-04
3.132885608596422573e-04
2.326302563583598066e-04
1.713654504388085499e-04
1.252287192704704284e-04
9.078103613892087303e-05
6.528044561082766827e-05
4.656439088855986598e-05
3.294532290497380708e-05
2.312006834157405389e-05
1.609262097437123246e-05
1.110948520307270328e-05
7.606381227532523168e-06
5.164964311082893525e-06
