1.484368737223092300e-06
2.228704309279553701e-06
3.331812417949274119e-06
4.969244569453950365e-06
7.355120333131154645e-06
1.078463273301049229e-05
1.566897463027948012e-05
2.256615700748672762e-05
3.222258124333298926e-05
4.562567443217973836e-05
6.406787606031834575e-05
8.922271496325214282e-05
1.232334868327767188e-04
1.688144578410771845e-04
2.293636582989929870e-04
3.090851948622516188e-04
4.131176019054166306e-04
5.476630936048478221e-04
7.201107185918589112e-04
9.391444436739709812e-04
1.214825223703105191e-03
1.558634309670168779e-03
1.983463600077447781e-03
2.503537976161681992e-03
3.134254527025894660e-03
3.891924620860928372e-03
4.793407149327790114e-03
5.855625145534176443e-03
7.094963438002318580e-03
8.526552005811130833e-03
1.016344803467446149e-02
1.201573895844415193e-02
1.408959845711016054e-02
1.638633677829860746e-02
1.890149505575882197e-02
2.162403966304948105e-02
2.453571622390202100e-02
2.761062295214980131e-02
3.081505893366132814e-02
3.410769445867124772e-02
3.744009754772567589e-02
4.075763373126797123e-02
4.400073566865043972e-02
4.710651643786317039e-02
5.001067676645763044e-02
5.264963389789200504e-02
5.496278020754481741e-02
5.689476513368631194e-02
5.839768618061307731e-02
5.943307460573121759e-02
5.997356868309409311e-02
6.000418080124672593e-02
5.952308230197549815e-02
5.854185056198774745e-02
5.708514600598818545e-02
5.518981283567073876e-02
5.290342647992318098e-02
5.028234274218002647e-02
4.738933748116742201e-02
4.429096026134303477e-02
4.105475885788839596e-02
3.774655992746105138e-02
3.442800755448680028e-02
3.115455611409489317e-02
2.797407781473378735e-02
2.492617293816805010e-02
2.204215292152562899e-02
1.934546130707300027e-02
1.685198943184611220e-02
1.456990422757152223e-02
1.250026761054070547e-02
1.063982095044924657e-02
8.983225358675192909e-03
7.522935255651555173e-03
6.248756436239700889e-03
5.148154159679873762e-03
4.206925371096390844e-03
3.409889397687545804e-03
2.741498478554090217e-03
2.186353106782937348e-03
1.729620083709864416e-03
1.357352934875433615e-03
1.056717572972531386e-03
8.161304650829749336e-04
6.253203945659810805e-04
4.753273233705787928e-04
3.584527066879175921e-04
2.681751320302725112e-04
1.990437409844134607e-04
1.465599421311735491e-04
1.070557724962332248e-04
7.757515867559748417e-05
5.576242624028097803e-05
3.976079193355636933e-05
2.812227641834661932e-05
1.972948689406994020e-05
1.372900715705495104e-05
9.475655062972284989e-06
6.486578426336694069e-06
4.404016867270888742e-06
