1.827892557288258761e-06
2.722766027913110526e-06
4.046955662245095610e-06
6.034306782495830443e-06
8.949805106390691350e-06
1.314260359936548899e-05
1.910718904168077917e-05
2.751361523303271070e-05
3.925356396010094118e-05
5.549472419595966434e-05
7.775040720338508504e-05
1.079564715656283644e-04
1.485635141461472543e-04
2.026363926164873248e-04
2.739693718948463990e-04
3.672074158795271418e-04
4.879826087410315183e-04
6.430534279119355786e-04
8.404554834515823043e-04
1.089645406874345827e-03
1.401642050895597451e-03
1.789134745034917824e-03
2.266552503372656728e-03
2.850047632856879398e-03
3.557376948177502773e-03
4.407623859731197961e-03
5.420746785220660786e-03
6.616907316440595946e-03
8.015588928065959726e-03
9.634493959706062066e-03
1.148827293010958733e-02
1.358712071399140187e-02
1.593533857991199371e-02
1.852994034649719027e-02
2.135943438839624231e-02
2.440289080971140903e-02
2.762943726188337237e-02
3.099830242129917798e-02
3.445952695858516684e-02
3.795542777648163585e-02
4.142284294378346249e-02
4.479612291792749862e-02
4.801068416653827414e-02
5.100684374215500028e-02
5.373342538433765331e-02
5.615058077951733118e-02
5.823113144372962791e-02
5.996000225044199883e-02
6.133154842948024960e-02
6.234529661406441187e-02
6.300103616525325190e-02
6.329473708964344913e-02
6.321647268824577559e-02
6.275112575329273856e-02
6.188157425653447591e-02
6.059347362735107573e-02
5.888017069316877489e-02
5.674659683079041200e-02
5.421125681066110702e-02
5.130618751296632529e-02
4.807505872430486993e-02
4.457008196599676619e-02
4.084842927544744123e-02
3.696930810019802977e-02
3.299326207904550862e-02
2.898665308375149297e-02
2.503534774026506052e-02
2.126885885849219560e-02
1.787629136116980835e-02
1.505849109868080508e-02
1.288925002393584082e-02
1.123041733857718834e-02
9.850254275302849222e-03
8.590002716159887697e-03
7.398087515817558177e-03
6.280916298204567046e-03
5.258687816144090414e-03
4.346486969582806503e-03
3.550258775817867127e-03
2.868246970803707031e-03
2.293475585938272842e-03
1.815966242120668371e-03
1.424349147813813157e-03
1.106979963420665200e-03
8.526416975120687308e-04
6.509765423628318878e-04
4.927056193267167214e-04
3.697208960741565843e-04
2.750778987923404488e-04
2.029355740516290750e-04
1.484570158990105746e-04
1.076961159920842036e-04
7.747624393566461098e-05
5.527358709528424388e-05
3.910709540857669963e-05
2.744038443815016579e-05
1.909532753353841711e-05
1.317867441222257872e-05
9.020445195321412374e-06
6.123495122181062392e-06
