1.489849506113981331e-06
2.244529954013596031e-06
3.353948608406730735e-06
4.970943524511887461e-06
7.307610248703167829e-06
1.065535788642964263e-05
1.541055270396637518e-05
2.210684692696675090e-05
3.145533788524690447e-05
4.439368248260697496e-05
6.214517564271965656e-05
8.628855710017481386e-05
1.188389055005095106e-04
1.623393806145823916e-04
2.199627574252617306e-04
2.956206442092528018e-04
3.940769909688151846e-04
5.210609973644645104e-04
6.833728714616101388e-04
8.889741558577023443e-04
1.147052645589115554e-03
1.468050427671088471e-03
1.863642461583752330e-03
2.346652602139800113e-03
2.930894257584052039e-03
3.630924181610318581e-03
4.461700388047067437e-03
5.438138959208264379e-03
6.574569612455276324e-03
7.884096200465592202e-03
9.377875624058343990e-03
1.106433656785103456e-02
1.294836752964645746e-02
1.503051119079681919e-02
1.730620857526707010e-02
1.976514095141349361e-02
2.239071936180459313e-02
2.515977045073981844e-02
2.804246250543084365e-02
3.100250718973390079e-02
3.399766047824732962e-02
3.698053126353976344e-02
3.989968879717877698e-02
4.270104160406270472e-02
4.532944205961274287e-02
4.773045383667478408e-02
4.985220530716890502e-02
5.164724198733217780e-02
5.307428625508790049e-02
5.409981349279355950e-02
5.469936072673700633e-02
5.485849647487880260e-02
5.457339813029495057e-02
5.385100463057324732e-02
5.270873589544522453e-02
5.117379485657447963e-02
4.928209110263629539e-02
4.707684556700532374e-02
4.460695188633807817e-02
4.192518100923702667e-02
3.908632073205494523e-02
3.614534096180597317e-02
3.315566900421081098e-02
3.016764781809756074e-02
2.722723506587545333e-02
2.437498324031147495e-02
2.164532256629671594e-02
1.906615013256988261e-02
1.665871202415680763e-02
1.443775108643499672e-02
1.241188204586727607e-02
1.058414840933569710e-02
8.952711917626221885e-03
7.511625112185132784e-03
6.251640334920529826e-03
5.161013607538424836e-03
4.226268632818641277e-03
3.432893912399100512e-03
2.765954015011313528e-03
2.210603777585830581e-03
1.752501222856053548e-03
1.378120911443313440e-03
1.074974131352923355e-03
8.317457062531571389e-04
6.383593239475565152e-04
4.859842761696595839e-04
3.669965414389276225e-04
2.749064428885780796e-04
2.042638864953122901e-04
1.505506331880230913e-04
1.100673569184624655e-04
7.982153339578635471e-05
5.742059879879086163e-05
4.097338767240924558e-05
2.900164643406925337e-05
2.036243937724649598e-05
1.418151343407445156e-05
9.797147588890693277e-06
6.713655162455745619e-06
4.563500351326923924e-06
