2.034596578793140101e-06
3.050568070630065953e-06
4.537472304805503430e-06
6.696670650057149127e-06
9.811466560203062416e-06
1.427303402952737379e-05
2.062236274540808604e-05
2.959428980520226120e-05
4.218271235967399239e-05
5.970758797468216951e-05
8.390613819609359927e-05
1.170229920478132606e-04
1.619230546771164734e-04
2.221960681845907843e-04
3.022748037730579309e-04
4.075308268162394667e-04
5.443643432355185470e-04
7.202512150972198608e-04
9.437576569250409868e-04
1.224500299946602823e-03
1.573064770408518333e-03
2.000914324233099909e-03
2.520322029060487277e-03
3.144469593880199788e-03
3.887737789048560915e-03
4.766421984703475730e-03
5.799637541619303074e-03
7.010495956735716093e-03
8.426615954776837600e-03
1.007992161402905887e-02
1.200441936266118288e-02
1.423297159123048002e-02
1.679233982165016445e-02
1.969907298250575534e-02
2.295506746123433806e-02
2.654547992628238096e-02
3.043594499268564152e-02
3.457168913782186076e-02
3.887388718385361569e-02
4.323644236561903498e-02
4.751681839732045665e-02
5.152521563083729134e-02
5.500661338275419920e-02
5.763735849740140443e-02
5.908520379042280640e-02
5.928552970606248973e-02
5.897490556594323780e-02
5.972593454980274635e-02
6.244886581406519643e-02
6.635965798260425041e-02
7.014233669465944065e-02
7.302962367554492740e-02
7.479077636286514397e-02
7.544586851219783896e-02
7.509503463602652806e-02
7.385644162218414632e-02
7.184754758933366292e-02
6.918287044497102578e-02
6.597351446263825803e-02
6.232813229739956468e-02
5.835186197138050868e-02
5.414586087638929152e-02
4.980533201537775539e-02
4.541853540840443126e-02
4.106486955866071181e-02
3.681418603944599383e-02
3.272551004565516647e-02
2.884703836333366023e-02
2.521569244664309192e-02
2.185784000055875087e-02
1.878960009170580966e-02
1.601811316316978373e-02
1.354236077556736188e-02
1.135470927394940759e-02
9.441956383148609674e-03
7.786871629580963648e-03
6.369214586326906076e-03
5.167059682613239259e-03
4.157612167299352957e-03
3.318199428049694623e-03
2.626805377550045766e-03
2.062702429163758375e-03
1.606705907225469600e-03
1.241489435294196439e-03
9.516138811513741129e-04
7.236063347950714509e-04
5.458408001921133271e-04
4.084696742563743207e-04
3.032316021380788702e-04
2.233125979378880921e-04
1.631394953600049931e-04
1.182256366915046948e-04
8.498592532165524988e-05
6.059854922020959273e-05
4.285750926424383939e-05
3.006325028936778022e-05
2.091467528699079834e-05
1.442989909504007091e-05
9.872427113946617033e-06
6.697564075021065140e-06
