1.677635190843346238e-06
2.521659980905832727e-06
3.758134321354651796e-06
5.555693770284239770e-06
8.147688578132253825e-06
1.185975987940495817e-05
1.713577250119535417e-05
2.458124437012267242e-05
3.500011156404368544e-05
4.945642042789475073e-05
6.932535256410020635e-05
9.638032272154266778e-05
1.328618568712729251e-04
1.815899220064958765e-04
2.460341922556673962e-04
3.304186765365473444e-04
4.396997752616147175e-04
5.794821124887718569e-04
7.555258587501901537e-04
9.733476070249091287e-04
1.240005117917044155e-03
1.573207893004731871e-03
2.000984042771118600e-03
2.540828927568644473e-03
3.200575505728302326e-03
3.991455976720644123e-03
4.928261110958003823e-03
6.027074798371012850e-03
7.303198064501648275e-03
8.770332119874383464e-03
1.043935863032156158e-02
1.231771059854716924e-02
1.440826702932172798e-02
1.670882157908328697e-02
1.921119517500678719e-02
2.190099999480123877e-02
2.475715527323344226e-02
2.775211412562967814e-02
3.085189564170925242e-02
3.401682806020746297e-02
3.720208424054679414e-02
4.035886215486173684e-02
4.343529822012943964e-02
4.637792209541580918e-02
4.913278252782367350e-02
5.164701523318684234e-02
5.387005341900860667e-02
5.575520149628538508e-02
5.726085045418850827e-02
5.835197070011181181e-02
5.900122931287963418e-02
5.919024883703267320e-02
5.891042302229601568e-02
5.816368312803674862e-02
5.696272610163289479e-02
5.533100542697462487e-02
5.330213559862006373e-02
5.091896084372622699e-02
4.823210729660125373e-02
4.529824250985188538e-02
4.217802007782503471e-02
3.893389836605815058e-02
3.562792422127318559e-02
3.231960788552818570e-02
2.906403362460991541e-02
2.591024401996792556e-02
2.290004605540345989e-02
2.006718153621450673e-02
1.743698531722114725e-02
1.502639245429329695e-02
1.284438562136084802e-02
1.089268990204779637e-02
9.166779227557307966e-03
7.656978438389156622e-03
6.349708876100965127e-03
5.228668054596814600e-03
4.275990208598195487e-03
3.473213490230157418e-03
2.802117722645896050e-03
2.245315633328891832e-03
1.786687932515119287e-03
1.411603251510014628e-03
1.107027291609792097e-03
8.614970060142775315e-04
6.650519702713235176e-04
5.091061213031372948e-04
3.863232448227830258e-04
2.904753473375582917e-04
2.163206630633446163e-04
1.594796017470078223e-04
1.163293783346969082e-04
8.390024128481746342e-05
5.978611534471256120e-05
4.205848027314871407e-05
2.919149463725262067e-05
1.999093903229658226e-05
1.353058714697995725e-05
9.091191908454598520e-06
6.107829909050520606e-06
4.133047902532970476e-06
