1.517667150384879431e-06
2.283429443818073100e-06
3.407736834038536608e-06
5.044531112149085354e-06
7.407991254334883673e-06
1.079219805672536040e-05
1.559823033653991314e-05
2.236600152057048965e-05
3.181630986398824317e-05
4.489887547761210030e-05
6.285301682552589292e-05
8.727468833762178329e-05
1.201972149253926835e-04
1.641767148994566986e-04
2.223892935990543309e-04
2.987273626630966442e-04
3.979007409070735085e-04
5.255257123878419616e-04
6.882057820465655286e-04
8.935848448411041946e-04
1.150376547369702128e-03
1.468355230076318204e-03
1.858317323532083457e-03
2.332015607998571844e-03
2.902078127835473319e-03
3.581930565926925211e-03
4.385693087748307288e-03
5.328045255485861637e-03
6.423908478436613986e-03
7.687923062456660656e-03
9.133510173552555206e-03
1.077170901579388614e-02
1.260969862828666306e-02
1.464950132359872648e-02
1.688669391364206254e-02
1.930964908358255919e-02
2.189876826453014333e-02
2.462620952433285451e-02
2.745525071469706244e-02
3.033989758991750829e-02
3.322353056025625917e-02
3.603740249941259771e-02
3.869792389850845032e-02
4.110683793043139189e-02
4.316353035640799890e-02
4.481856840532615072e-02
4.617653135052996599e-02
4.750469204643387872e-02
4.894964587794690958e-02
5.034092368366347575e-02
5.141195536277006622e-02
5.200676167427325386e-02
5.207865645446149022e-02
5.163631247298133137e-02
5.071114261683574292e-02
4.934507777016976238e-02
4.758623462656554060e-02
4.548752819667955388e-02
4.310536046210976940e-02
4.049849400298174973e-02
3.772641943263184416e-02
3.484789413695883048e-02
3.191922574409464947e-02
2.899293485642743737e-02
2.611639257296791139e-02
2.333096635118645304e-02
2.067126240060577699e-02
1.816489735646858311e-02
1.583238573591665838e-02
1.368748702847289757e-02
1.173761523391508854e-02
9.984584191002716588e-03
8.425329094918467682e-03
7.052826703565697776e-03
5.856909224035936924e-03
4.825159364259923311e-03
3.943644300520729451e-03
3.197650456074465318e-03
2.572238275296804145e-03
2.052756824529671734e-03
1.625190478826589804e-03
1.276455527400443971e-03
9.945603783218901102e-04
7.687245199995979949e-04
5.893996948297254394e-04
4.482661498812798664e-04
3.381675200098145629e-04
2.530369130637464582e-04
1.877907618622847829e-04
1.382259736888892673e-04
1.009051887762827564e-04
7.305243999627066454e-05
5.244924973459665535e-05
3.734390842029076404e-05
2.636733504422878065e-05
1.846188288224119746e-05
1.281871811310291422e-05
8.826221114146399926e-06
6.026557260774688288e-06
4.080718959745229339e-06
