-1.002121269008687250e-07
-1.523760006821213374e-07
-2.319590133192948269e-07
-3.433099009373246241e-07
-4.969581138231021044e-07
-7.124278204036607119e-07
-1.014687071271803560e-06
-1.435953388402297238e-06
-2.018376738705860214e-06
-2.816864167057297346e-06
-3.902257154014147253e-06
-5.364951243606820905e-06
-7.318955661907775086e-06
-9.906328413060755099e-06
-1.330186039841428740e-05
-1.771781151802589768e-05
-2.340842133339359968e-05
-3.067382901045555477e-05
-3.986294691688986857e-05
-5.137474732325845203e-05
-6.565735338858481862e-05
-8.320428864175001245e-05
-1.045472507084491050e-04
-1.302448525301222980e-04
-1.608669315724812251e-04
-1.969742699970761712e-04
-2.390938898932853452e-04
-2.876904679544087348e-04
-3.431348237848978657e-04
-4.056708406962399559e-04
-4.753825426766721506e-04
-5.521633439545624690e-04
-6.356896783237918217e-04
-7.254012756955617331e-04
-8.204902566341725715e-04
-9.199009403120157226e-04
-1.022341795574303012e-03
-1.126310311757749332e-03
-1.230130747319054798e-03
-1.332003772299266862e-03
-1.430066017689305335e-03
-1.522456563457595408e-03
-1.607386540913074242e-03
-1.683207420645704182e-03
-1.748473352929335234e-03
-1.801993277708576618e-03
-1.842869536580280659e-03
-1.870521366643257410e-03
-1.884693634794722215e-03
-1.885452862440812694e-03
-1.873173241473121992e-03
-1.848514539158223379e-03
-1.812391965640827067e-03
-1.765936518876939530e-03
-1.710444386076259054e-03
-1.647316042193470520e-03
-1.577988780939167286e-03
-1.503868963435547271e-03
-1.426271184111976972e-03
-1.346370765787817652e-03
-1.265174196489422592e-03
-1.183510171306438249e-03
-1.102042435934392226e-03
-1.021304916021210278e-03
-9.417593051418892075e-04
-8.638727812450061995e-04
-7.881979118410592858e-04
-7.153773798230640647e-04
-6.458792895078904533e-04
-5.793952035277268086e-04
-5.148099591530199987e-04
-4.516310917488841788e-04
-3.908270369233043159e-04
-3.338623830740863234e-04
-2.818093151058735754e-04
-2.352238394238246471e-04
-1.942775705865542116e-04
-1.588724044431325281e-04
-1.287166153067366794e-04
-1.033843160996957873e-04
-8.236848230507687980e-05
-6.512772386766451445e-05
-5.112416607836918356e-05
-3.985072609306342751e-05
-3.084793792267216385e-05
-2.371193504434886788e-05
-1.809587481049442217e-05
-1.370709990335396722e-05
-1.030195165650229961e-05
-7.679628161090208273e-06
-5.675980900596285059e-06
-4.157746185164045032e-06
-3.017430800313243403e-06
-2.168901109752409837e-06
-1.543634793858827069e-06
-1.087557235938605210e-06
-7.583779601153860080e-07
-5.233506146707155633e-07
-3.573928702588657966e-07
-2.415149576890346527e-07
