-7.569112676695692047e-08
-1.119608786653987887e-07
-1.636985536702743852e-07
-2.358287863725435180e-07
-3.360539617239790350e-07
-4.733914407034301196e-07
-6.616371414353451755e-07
-9.183012508875954944e-07
-1.269460525671561322e-06
-1.749294869337958995e-06
-2.406459123923145857e-06
-3.304045650904706407e-06
-4.527588738268313019e-06
-6.185119212458277964e-06
-8.416512197031658597e-06
-1.139262750711081132e-05
-1.532344040785197734e-05
-2.045305708516042970e-05
-2.705884948633731918e-05
-3.543532940422647261e-05
-4.586941757313178400e-05
-5.860556630182868509e-05
-7.378478770451893202e-05
-9.140829498557393449e-05
-1.112751895518896138e-04
-1.330465403272649183e-04
-1.563092786497471943e-04
-1.808756793387602049e-04
-2.069649566387565115e-04
-2.354795364731888431e-04
-2.677972243333351767e-04
-3.055383466889005162e-04
-3.499253407433434884e-04
-4.016050355570015447e-04
-4.603823425553069397e-04
-5.256384195740952323e-04
-5.963188186347647725e-04
-6.715268586640756954e-04
-7.502204856770239988e-04
-8.317251936866612832e-04
-9.148313655120643645e-04
-9.978130759054871460e-04
-1.075623469172556435e-03
-1.137250615551110974e-03
-1.160056260836138950e-03
-1.120337437144873580e-03
-1.042252353354148698e-03
-1.023748220449585342e-03
-1.078463780819543995e-03
-1.109143482600758335e-03
-1.082639226883374542e-03
-1.024364360443283124e-03
-9.576420138898406433e-04
-8.923546661911872183e-04
-8.313474030283250901e-04
-7.748113492401738139e-04
-7.223466411446909530e-04
-6.734776686408613369e-04
-6.278431057585801695e-04
-5.851414335513671844e-04
-5.451160689580945547e-04
-5.075051853952625104e-04
-4.720389140214025468e-04
-4.384262549226796519e-04
-4.063733774125368446e-04
-3.755903321584942050e-04
-3.458199373063315391e-04
-3.168518214311120333e-04
-2.885502888383877172e-04
-2.608650754872257269e-04
-2.338434040818828806e-04
-2.076251828832616946e-04
-1.824258836826802557e-04
-1.585111913726919590e-04
-1.361539304801197888e-04
-1.156035310312435117e-04
-9.704225579283429844e-05
-8.057620974797501980e-05
-6.621489444660623143e-05
-5.389297623784191325e-05
-4.347187888395189414e-05
-3.477662087626951908e-05
-2.760190721624218522e-05
-2.174487696077621106e-05
-1.700398225316896534e-05
-1.320064731543127200e-05
-1.017064426642864096e-05
-7.777038137487658038e-06
-5.898407309892946660e-06
-4.437184436104471697e-06
-3.308168394703554731e-06
-2.444707186078890202e-06
-1.788956642121885283e-06
-1.296789954850788055e-06
-9.300709505034573997e-07
-6.605084733091415050e-07
-4.637788150020028927e-07
-3.224147284457665318e-07
-2.215003798416783126e-07
-1.507218090785895035e-07
