-1.022069961191393749e-07
-1.831289112388484346e-07
-2.481270486683481419e-07
-2.516391001768834152e-07
-2.849646257117374075e-07
-3.806911439411842791e-07
-5.413936093362616195e-07
-7.806945748080901908e-07
-1.126045351077619107e-06
-1.611268691235375598e-06
-2.287722132809198902e-06
-3.214056188090223155e-06
-4.472232394874641689e-06
-6.154039147526379828e-06
-8.379590390149099259e-06
-1.128016044224280992e-05
-1.501791529627111517e-05
-1.976535450663254349e-05
-2.572634271280543813e-05
-3.311452683699139940e-05
-4.217750024657289078e-05
-5.317809860165462378e-05
-6.642247608436223599e-05
-8.224486673184374709e-05
-1.010331708094527837e-04
-1.232095708401866085e-04
-1.492392607672344239e-04
-1.795965696970167134e-04
-2.147458916129432174e-04
-2.550939139620623012e-04
-3.009463086972043156e-04
-3.524610816937412752e-04
-4.095944926457948678e-04
-4.720739049354471520e-04
-5.393446991487192569e-04
-6.105755458680780894e-04
-6.846139988148181119e-04
-7.600345079164584931e-04
-8.351137735526617707e-04
-9.079379346989514214e-04
-9.764199969021895593e-04
-1.038491124252527865e-03
-1.092184703756341564e-03
-1.135916222692805004e-03
-1.168603387688611078e-03
-1.189933663367692815e-03
-1.200343974084718034e-03
-1.201032748407363957e-03
-1.193580678519175382e-03
-1.179635688751616346e-03
-1.160388784536800152e-03
-1.136429315270989001e-03
-1.107683572571343351e-03
-1.073825357262092996e-03
-1.034603146467568584e-03
-9.902796048306015606e-04
-9.416772287057201913e-04
-8.901749794634968320e-04
-8.373918698687298282e-04
-7.849765956448036090e-04
-7.342850368816901873e-04
-6.862474093595155415e-04
-6.411603456747177934e-04
-5.985966900737054938e-04
-5.571895570385134409e-04
-5.145623940700779853e-04
-4.676218249408890782e-04
-4.144216259291777873e-04
-3.580949060969889882e-04
-3.084451230842144434e-04
-2.717848871387270205e-04
-2.412342782954227593e-04
-2.085367208449360663e-04
-1.743689228216960068e-04
-1.426368132042914161e-04
-1.154363293082461288e-04
-9.295057782702632161e-05
-7.460502074445654868e-05
-5.968637097372019192e-05
-4.757614595159207307e-05
-3.776449894052762596e-05
-2.984283570356405913e-05
-2.347149569511263487e-05
-1.837064564072740002e-05
-1.430446301601388340e-05
-1.107818994081219661e-05
-8.529524452089660560e-06
-6.525986803464588628e-06
-4.958824441272370114e-06
-3.740050282762722940e-06
-2.798138519118978075e-06
-2.075381827137717713e-06
-1.525165349260312079e-06
-1.109910463258784132e-06
-7.995126650332169492e-07
-5.697979490040002238e-07
-4.016776681355628507e-07
-2.799713180184172507e-07
-1.929518444047673029e-07
-1.314347876199916225e-07
