-1.009119084872230336e-07
-1.504086029672658786e-07
-2.225231073679593224e-07
-3.267553652334277919e-07
-4.761678313942544780e-07
-6.885014320377728628e-07
-9.875615088747950885e-07
-1.404949796811757299e-06
-1.982232791156850910e-06
-2.773604851469582707e-06
-3.849047016516209189e-06
-5.297948090223999011e-06
-7.233148057392540042e-06
-9.795358114950972943e-06
-1.315790973729908300e-05
-1.753185829316761599e-05
-2.317182286008508883e-05
-3.038416098267619371e-05
-3.954234517990562275e-05
-5.111713220852900138e-05
-6.568615053811530623e-05
-8.372266041348029987e-05
-1.053893113855809113e-04
-1.310817013027465482e-04
-1.615062138586338539e-04
-1.973266559211885941e-04
-2.391008956542525711e-04
-2.872958288043147494e-04
-3.422781063190674330e-04
-4.042889594783062026e-04
-4.734140293855664807e-04
-5.495535411030418645e-04
-6.323960068863591260e-04
-7.213979817824498581e-04
-8.157720957737198825e-04
-9.144852660835316562e-04
-1.016268536046870596e-03
-1.119639372504556245e-03
-1.222936503331707465e-03
-1.324366536525563992e-03
-1.422060734624252219e-03
-1.514139494572872089e-03
-1.598781376616110984e-03
-1.674293003444110757e-03
-1.739175866881874149e-03
-1.792186069931998860e-03
-1.832383311596413097e-03
-1.859165982630510460e-03
-1.872290052046649304e-03
-1.871870435932020170e-03
-1.858364682936723819e-03
-1.832540000961868946e-03
-1.795425794203880628e-03
-1.748254884115135353e-03
-1.692397365098042943e-03
-1.629291527119809549e-03
-1.560376421531672886e-03
-1.487030445151674065e-03
-1.410519797014222034e-03
-1.331959876828079292e-03
-1.252291716814805207e-03
-1.172274445522876029e-03
-1.092493637959140963e-03
-1.013384251615189174e-03
-9.352656963522249173e-04
-8.583854363662635732e-04
-7.829663918269365221e-04
-7.092523863179789681e-04
-6.375451967486155504e-04
-5.682267872381841639e-04
-5.017615221943685661e-04
-4.386759132011487845e-04
-3.795176716351207884e-04
-3.248007024332745583e-04
-2.749466844501193366e-04
-2.302353845863472999e-04
-1.907739082678742797e-04
-1.564901518833979358e-04
-1.271495668940749346e-04
-1.023891888098393843e-04
-8.176028233294359423e-05
-6.477118529172851450e-05
-5.092417083114311131e-05
-3.974312027425653952e-05
-3.079144392040580305e-05
-2.368145514876133747e-05
-1.807723084813862244e-05
-1.369309925052930481e-05
-1.028958677492320345e-05
-7.668185478080785514e-06
-5.665838540855711298e-06
-4.149664118766033640e-06
-3.012169561240059038e-06
-2.167037343521440051e-06
-1.545467605165485861e-06
-1.093019531388173781e-06
-7.669028424543897171e-07
-5.337497894672412149e-07
-3.679877673494568373e-07
-2.507190668135955386e-07
