-9.179033606653052506e-08
-1.398748319415323063e-07
-2.148012658353185881e-07
-3.207520395778560890e-07
-4.746421293242933542e-07
-6.740170777488953206e-07
-9.336602437071581006e-07
-1.240393702347628926e-06
-1.622232718267236355e-06
-2.087270761036376290e-06
-2.710476707543854472e-06
-3.540228649521454718e-06
-4.709116010358566619e-06
-6.309100260776994299e-06
-8.568021568960266276e-06
-1.166185020124733127e-05
-1.605484347189272936e-05
-2.220640154985660539e-05
-3.141349498790238374e-05
-4.523369635287271558e-05
-6.481848654850398911e-05
-7.845302712779943970e-05
-7.590948666042211974e-05
-7.399356932780666780e-05
-8.294926613949177351e-05
-1.004605093758922929e-04
-1.243620136701154813e-04
-1.538334018055872586e-04
-1.885556323598770539e-04
-2.286737679061216495e-04
-2.740707284235991727e-04
-3.248313475442357210e-04
-3.806091017822375465e-04
-4.411565880550183654e-04
-5.057750608197043906e-04
-5.738025710651866677e-04
-6.441840707496390142e-04
-7.158751087409777423e-04
-7.875599601811624027e-04
-8.579411197759632133e-04
-9.256154645075157514e-04
-9.892225307628322271e-04
-1.047474339922881354e-03
-1.099142937540220372e-03
-1.143233476929603242e-03
-1.178807901252374628e-03
-1.205290894143725994e-03
-1.222144580522998908e-03
-1.229292597001678663e-03
-1.226668399132123605e-03
-1.214728346721884048e-03
-1.193893564849329760e-03
-1.165109974910513106e-03
-1.129205171215843032e-03
-1.087458515465934174e-03
-1.040908371334856421e-03
-9.909169372769744549e-04
-9.384770440799108980e-04
-8.847745176323410258e-04
-8.305405828562693795e-04
-7.766159512196721794e-04
-7.233747053526489454e-04
-6.712845772558883456e-04
-6.204054217800279844e-04
-5.709314541988292626e-04
-5.227530618689263647e-04
-4.759630845088273277e-04
-4.304642333702769644e-04
-3.864190787399037993e-04
-3.438825107703725016e-04
-3.031741737565715441e-04
-2.645204265815711414e-04
-2.283398183310600708e-04
-1.949022521456002146e-04
-1.645486577182577977e-04
-1.374052674330383101e-04
-1.135791402854559860e-04
-9.296090437883071237e-05
-7.541349037821788162e-05
-6.065192938443339136e-05
-4.840488779607145302e-05
-3.833385764037697746e-05
-3.014824172823568797e-05
-2.354153431371634603e-05
-1.826420971310287083e-05
-1.407325052684055050e-05
-1.077671375941714014e-05
-8.196373724194331350e-06
-6.194571929841608631e-06
-4.647920006641070898e-06
-3.462868073166423375e-06
-2.557993983666016706e-06
-1.872459086243837167e-06
-1.354888319831310766e-06
-9.675098765833214015e-07
-6.799692569763313830e-07
-4.705871151934828631e-07
-3.226372564391559656e-07
-2.220387632557824379e-07
-1.549184477066000642e-07
