-7.951995759858675174e-08
-1.201163390279711725e-07
-1.787480968765206103e-07
-2.644716441106598979e-07
-3.854025060146492576e-07
-5.566293190814327351e-07
-7.918430623458303359e-07
-1.114996003850337565e-06
-1.548978317307557161e-06
-2.132514697790384410e-06
-2.906025521838930165e-06
-3.934962535493651394e-06
-5.292303565838679764e-06
-7.089016429397497742e-06
-9.451722252729449002e-06
-1.256140513750329006e-05
-1.662428546165804031e-05
-2.192053517066525704e-05
-2.876573439170279135e-05
-3.756976489065820914e-05
-4.878340917265202242e-05
-6.295809456276976735e-05
-8.066012303529458900e-05
-1.024924122738688463e-04
-1.289308431978060930e-04
-1.602323276645734051e-04
-1.961792645228774452e-04
-2.359287781672964642e-04
-2.779915171266039101e-04
-3.204841830422127920e-04
-3.618360275574599317e-04
-4.013268555781514301e-04
-4.396596983485117358e-04
-4.785015359182743220e-04
-5.201800151354505882e-04
-5.666506697491395343e-04
-6.194003900006003760e-04
-6.789062631641980695e-04
-7.451272385407004808e-04
-8.173445042831304578e-04
-8.950021689494635710e-04
-9.777178942597020053e-04
-1.066619231656121790e-03
-1.164020941492106918e-03
-1.271714138945803391e-03
-1.373785326720392041e-03
-1.405757452465212750e-03
-1.296049269767602426e-03
-1.127200046757227941e-03
-1.029013914876304768e-03
-1.005413319921756544e-03
-1.011210365766525157e-03
-1.018198606712433004e-03
-1.016366777391409376e-03
-1.003343132710830679e-03
-9.803536869565810264e-04
-9.488616368926669226e-04
-9.110692899831166489e-04
-8.684272365835637867e-04
-8.227034501735358595e-04
-7.748755480971733977e-04
-7.261458360098351243e-04
-6.770332236060152761e-04
-6.282616077044274371e-04
-5.800163227055488450e-04
-5.327032030642457963e-04
-4.863431867790440292e-04
-4.412054454927364115e-04
-3.973118575166139418e-04
-3.549443822684996189e-04
-3.142309715095250406e-04
-2.755266009006840876e-04
-2.390600372748104404e-04
-2.051999994084392645e-04
-1.741628034133617484e-04
-1.461975197299129794e-04
-1.213723050431398797e-04
-9.971924925050409168e-05
-8.110699577126147350e-05
-6.536369170380964481e-05
-5.221518754490813195e-05
-4.138045231301213858e-05
-3.254288688305573870e-05
-2.541117347127045076e-05
-1.970221416212462770e-05
-1.517144010924797635e-05
-1.160029968595979013e-05
-8.806522422719178093e-06
-6.635639542197432493e-06
-4.960817176862274936e-06
-3.678506659980713519e-06
-2.703894559138322937e-06
-1.969885258055083899e-06
-1.421255016447297276e-06
-1.015720691346708225e-06
-7.182016291403282052e-07
-5.028522592070882481e-07
-3.480292486675918220e-07
-2.385237414602986799e-07
-1.614542092922673435e-07
