-1.025562959390652409e-07
-1.527090479806943290e-07
-2.256633767922602379e-07
-3.309381010711268034e-07
-4.816285535820073470e-07
-6.955729664060433883e-07
-9.968242857815475938e-07
-1.417477990610967802e-06
-1.999903997824741689e-06
-2.799423190707676851e-06
-3.887454665791425896e-06
-5.355136456903494347e-06
-7.317388471843063564e-06
-9.917340560153845393e-06
-1.333099100636292875e-05
-1.777189269939017803e-05
-2.349558878296456740e-05
-3.080344152795996203e-05
-4.004542393190889854e-05
-5.162138061460572289e-05
-6.598021990792623484e-05
-8.361647642724859817e-05
-1.050636801207521364e-04
-1.308839729546174945e-04
-1.616534156882676538e-04
-1.979424361368616210e-04
-2.402909694129858303e-04
-2.891782179069370845e-04
-3.449878311846340281e-04
-4.079706484159139105e-04
-4.782084025015647245e-04
-5.555820717015145117e-04
-6.397475315674274170e-04
-7.301195910108821546e-04
-8.258646214138849143e-04
-9.259022141827075256e-04
-1.028916981143107026e-03
-1.133381924094265230e-03
-1.237594496612457818e-03
-1.339725893155675448e-03
-1.437883865025343499e-03
-1.530190380175956103e-03
-1.614878948149331981e-03
-1.690422160883423572e-03
-1.755691611712055771e-03
-1.810041768344544970e-03
-1.852878469821714379e-03
-1.882627312486435164e-03
-1.897278986962415946e-03
-1.896504208699001902e-03
-1.881481787613182308e-03
-1.853678661863342875e-03
-1.814498201653373579e-03
-1.765338491976548669e-03
-1.707638264958899043e-03
-1.642862221443661293e-03
-1.572455837605662076e-03
-1.497792755360635763e-03
-1.420127028767081577e-03
-1.340556592899437138e-03
-1.260001245585910725e-03
-1.179196543546402525e-03
-1.098703593375128466e-03
-1.018933480239989564e-03
-9.401838990717575071e-04
-8.626843707269306631e-04
-7.866452296594689470e-04
-7.123044494232576990e-04
-6.399655773484870958e-04
-5.700200154667828777e-04
-5.029481507636381424e-04
-4.392968029159182580e-04
-3.796350093463832253e-04
-3.244953818954179068e-04
-2.743124839404734411e-04
-2.293711132814206717e-04
-1.897750996350569509e-04
-1.554418297441037251e-04
-1.261211651525729401e-04
-1.014320727867439043e-04
-8.090772330538210390e-05
-6.404023187806192100e-05
-5.031868750168640094e-05
-3.925728782717326926e-05
-3.041316378191427831e-05
-2.339529284690542566e-05
-1.786671836919287830e-05
-1.354236100961955594e-05
-1.018435034880184051e-05
-7.596290055578115699e-06
-5.617371518243489800e-06
-4.116851195855807800e-06
-2.989126907886847925e-06
-2.149474844756707616e-06
-1.530416144286168708e-06
-1.078642386806152757e-06
-7.524209908243260072e-07
-5.194082925942482082e-07
-3.548100371701420926e-07
-2.398406798181630306e-07
