-1.031754567994178989e-07
-1.534425649353124809e-07
-2.265079012144796120e-07
-3.318723978045882119e-07
-4.826018430232705978e-07
-6.964880322024293532e-07
-9.975136676733080822e-07
-1.417671255378072959e-06
-1.999183735219858659e-06
-2.797167082415995141e-06
-3.882760883721019851e-06
-5.346729993282704706e-06
-7.303507001807662774e-06
-9.895600175345761458e-06
-1.329823451775285195e-05
-1.772402583063223465e-05
-2.342741184860764125e-05
-3.070848524550280780e-05
-3.991579679616391330e-05
-5.144763077319521559e-05
-6.575120640606068787e-05
-8.331923460793235793e-05
-1.046832591551841971e-04
-1.304032306589019904e-04
-1.610527919968588449e-04
-1.971998016466977339e-04
-2.393817411775001427e-04
-2.880759801880541449e-04
-3.436655865697928430e-04
-4.064025159139228460e-04
-4.763712398858980482e-04
-5.534564496585045717e-04
-6.373178733851870724e-04
-7.273738415250648182e-04
-8.227940786214208531e-04
-9.225019933637113251e-04
-1.025187202423573449e-03
-1.129329398345450689e-03
-1.233234523199210455e-03
-1.335083686063401982e-03
-1.432994905301239940e-03
-1.525098361397962676e-03
-1.609628439015201680e-03
-1.685040314680555113e-03
-1.750153389262745036e-03
-1.804243323409343873e-03
-1.846740694108170823e-03
-1.876350430034568004e-03
-1.891252527094754729e-03
-1.890961085983424621e-03
-1.876497294761414469e-03
-1.849283193453985213e-03
-1.810712774620635559e-03
-1.762174406443352747e-03
-1.705092757190602168e-03
-1.640916342639804626e-03
-1.571074502322374012e-03
-1.496926287106683465e-03
-1.419713691576880363e-03
-1.340525739138948361e-03
-1.260276797436396925e-03
-1.179700590397131897e-03
-1.099359941059196337e-03
-1.019671025889355969e-03
-9.409397176982223698e-04
-8.634063811022690393e-04
-7.872942637440913599e-04
-7.128555031546951861e-04
-6.404080067945633640e-04
-5.703565004700908783e-04
-5.031924011881595870e-04
-4.394702145879383665e-04
-3.797627232189704021e-04
-3.246023656110825399e-04
-2.744202595558062016e-04
-2.294955819654844809e-04
-1.899256270881978514e-04
-1.556214655672677276e-04
-1.263276733410326690e-04
-1.016593887781391819e-04
-8.114750296979717349e-05
-6.428326351799504399e-05
-5.055604560399890474e-05
-3.948118631338949083e-05
-3.061751110546085991e-05
-2.357597129282742809e-05
-1.802161926346498939e-05
-1.367121626324131703e-05
-1.028841175035811546e-05
-7.677917830604261753e-06
-5.679597388619874868e-06
-4.162974772270289232e-06
-3.022388206374702234e-06
-2.172824402431962217e-06
-1.546383520409553418e-06
-1.089288507243712150e-06
-7.593518577725208815e-07
-5.238264175686727998e-07
-3.575833772108926462e-07
-2.415743658044333479e-07
