1.252667822986775431e-06
1.860136039303626117e-06
2.719103731470643717e-06
3.949193114558899902e-06
5.678914979385246867e-06
8.173314975364618843e-06
1.176272345038704852e-05
1.703330854629802295e-05
2.467218485931857089e-05
3.568704790014646762e-05
5.119321083045980277e-05
7.273161528600449754e-05
1.020327402361691834e-04
1.414165529736243583e-04
1.934057271897946634e-04
2.611309648376820684e-04
3.473280655984998773e-04
4.541657416354473085e-04
5.791417900066930151e-04
7.116082993588936523e-04
8.318346597941758290e-04
9.884821040461590040e-04
1.322346960228082012e-03
1.835122905384418707e-03
2.451430855275853714e-03
3.164789598235911647e-03
3.988798748542677491e-03
4.944344076047394766e-03
6.046239051538467198e-03
7.309977437630580700e-03
8.744708850082555038e-03
1.035894034191111451e-02
1.215414583190348695e-02
1.412980780093723090e-02
1.627749551295004649e-02
1.858588099971250976e-02
2.103535512682927835e-02
2.360333282670038987e-02
2.625945411438645322e-02
2.897123033725903379e-02
3.169976821428138053e-02
3.440558095308982045e-02
3.704466868383256978e-02
3.957420795544348141e-02
4.194884299810870687e-02
4.412605336952078738e-02
4.606268862987776547e-02
4.772002539156118550e-02
4.906075608044448838e-02
5.005384683841265087e-02
5.067213505428780351e-02
5.089691709938261310e-02
5.071599520108303200e-02
5.012759718870524184e-02
4.913842051878989509e-02
4.776635139921583256e-02
4.603807336924403693e-02
4.399027401970578843e-02
4.166671064384391832e-02
3.911801368170465115e-02
3.639848348391312716e-02
3.356495222694327180e-02
3.067380055896939267e-02
2.777947631285697383e-02
2.493221024258361965e-02
2.217671958822790487e-02
1.955093125314290997e-02
1.708520404278887628e-02
1.480212979464880750e-02
1.271637646171917477e-02
1.083541188990504341e-02
9.159867294660532441e-03
7.684870444667029656e-03
6.400703309533626803e-03
5.294377252573592534e-03
4.350332852461323042e-03
3.551933767421936502e-03
2.881997854661326811e-03
2.323969021995964893e-03
1.862129397131956571e-03
1.482318109624882136e-03
1.171793966125727346e-03
9.195473878743517203e-04
7.159481618137798200e-04
5.528367233504714439e-04
4.231448008474080012e-04
3.209292294903161443e-04
2.410661191504202827e-04
1.792848774915560203e-04
1.319421861009220718e-04
9.605111999558567154e-05
6.911043222362040037e-05
4.911761012561019474e-05
3.443641559620457936e-05
2.379446755701692344e-05
1.618234780343906962e-05
1.084083884766373123e-05
7.181998384089144372e-06
4.760032564200297164e-06
3.203399158583923571e-06
