1.791404053570815396e-06
2.688077163019884521e-06
4.002976077261896637e-06
5.913247812318938177e-06
8.674632280662772067e-06
1.263404186013730604e-05
1.828085065819897239e-05
2.627075402408574450e-05
3.750214363857939823e-05
5.315426232456785640e-05
7.478982427387673875e-05
1.044080830724868579e-04
1.445699103119478827e-04
1.984618102421374989e-04
2.700313365250246473e-04
3.640469388835574109e-04
4.862164873280157046e-04
6.432108257525778229e-04
8.427209119630475406e-04
1.093405624109302201e-03
1.404847915801211858e-03
1.787438408120130707e-03
2.252286217594592563e-03
2.811259800963174238e-03
3.477177651811820796e-03
4.264586135853106440e-03
5.190673105481485340e-03
6.276986953471393876e-03
7.549989829905173234e-03
9.041411520875949209e-03
1.078478631025606843e-02
1.281198197384910038e-02
1.514610021393499213e-02
1.779869564056330358e-02
2.076487178292816052e-02
2.402513638809102361e-02
2.754256385117549027e-02
3.126613486221616750e-02
3.512578235480221661e-02
3.903352887599677301e-02
4.287242233269935449e-02
4.649076966042790110e-02
4.967773637695990785e-02
5.215091897633708506e-02
5.356521485115856712e-02
5.373719337536537327e-02
5.327678712831353247e-02
5.397461121275137774e-02
5.689473756706418112e-02
6.086479915710971828e-02
6.435206868419543480e-02
6.674422233172397356e-02
6.799479495094869208e-02
6.822843152467453209e-02
6.758247483005727640e-02
6.618243059800690831e-02
6.413702197504854430e-02
6.154804898361019433e-02
5.851058257712108551e-02
5.511804601708664153e-02
5.145978321526114424e-02
4.762284960879964446e-02
4.368870761372452977e-02
3.973379674747932327e-02
3.582648420547834139e-02
3.202748385581866836e-02
2.838758744391563921e-02
2.494842729678076534e-02
2.174116481253984823e-02
1.878775204445659250e-02
1.610052881225355198e-02
1.368392023746922183e-02
1.153473676087203408e-02
9.644094084737413891e-03
7.998097091520701626e-03
6.579679336827873488e-03
5.369319775017822489e-03
4.346530813153276843e-03
3.490365247635972973e-03
2.780443105504857952e-03
2.197190424926550017e-03
1.722456139764571691e-03
1.339540695361003545e-03
1.033511743115785898e-03
7.910976029560107953e-04
6.007974970116149432e-04
4.526974090136555245e-04
3.384495541680641374e-04
2.510561605691463477e-04
1.847793395751824404e-04
1.349300470030192719e-04
9.775561112894925987e-05
7.025916862179518965e-05
5.009475789502935354e-05
3.542801877129873146e-05
2.485217368825964535e-05
1.728899472602000661e-05
1.192767506851508829e-05
8.158876328563495901e-06
5.533130695311312218e-06
