1.862878380212557110e-06
2.806606632678800632e-06
4.193906840765415417e-06
6.215872462334444518e-06
9.137691391252762669e-06
1.332373799281527829e-05
1.926966938058759842e-05
2.764291207261666521e-05
3.933299237739239473e-05
5.551314959016873167e-05
7.771454008597066486e-05
1.079140529538436861e-04
1.486362719864861809e-04
2.030693939226461064e-04
2.751939140720121657e-04
3.699215948736005719e-04
4.932406362823738358e-04
6.523610911105651210e-04
8.558524693050574257e-04
1.113763248733450973e-03
1.437709797411593259e-03
1.840920200487217336e-03
2.338216905267502185e-03
2.945921215499179048e-03
3.681662772110694433e-03
4.564078548621344593e-03
5.612388842498225970e-03
6.845842467298854546e-03
8.283029899926106637e-03
9.941071316298051228e-03
1.183469578790316383e-02
1.397523782505089539e-02
1.636958747155067492e-02
1.901913991862181838e-02
2.191879951013251879e-02
2.505609996930235200e-02
2.841050637614727856e-02
3.195296382293839194e-02
3.564575224054662705e-02
3.944269653931155306e-02
4.328976620179696144e-02
4.712607935797690634e-02
5.088530388549261652e-02
5.449742236223854147e-02
5.789079603870094654e-02
6.099441905582100865e-02
6.374022873601437045e-02
6.606550499854769998e-02
6.791554328751835123e-02
6.924599441784357046e-02
7.002432299752796296e-02
7.023094441553200118e-02
6.986010131493466946e-02
6.892019664761500630e-02
6.743351250063991942e-02
6.543535003271991335e-02
6.297265120758285817e-02
6.010218187424603425e-02
5.688837475435102459e-02
5.340094560125671630e-02
4.971240361120391610e-02
4.589557729943013337e-02
4.202126978729009421e-02
3.815614379813347251e-02
3.436091816437148588e-02
3.068893612985397479e-02
2.718514302891366849e-02
2.388548857951865168e-02
2.081674800984980450e-02
1.799673680688581093e-02
1.543487576992074069e-02
1.313304606791878756e-02
1.108665882900784772e-02
9.285852609918534770e-03
7.716728232747467955e-03
6.362536874805796612e-03
5.204754405498362123e-03
4.223999562897214934e-03
3.400779653182803459e-03
2.716068900513622306e-03
2.151737764230098830e-03
1.690856407178089119e-03
1.317894568962031795e-03
1.018836620255800674e-03
7.812270163730121106e-04
5.941588752381999619e-04
4.482170484626480061e-04
3.353863789676781110e-04
2.489353215172609903e-04
1.832843889243750482e-04
1.338678382570550481e-04
9.699565702782410336e-05
6.972137111405699820e-05
4.971962528946681395e-05
3.517602067288685410e-05
2.469042967099744336e-05
1.719400057012574224e-05
1.187932154295110823e-05
8.142717642371884973e-06
5.537366810606556278e-06
