1.409374357907329678e-06
1.880502739407872960e-06
2.621072305608957821e-06
4.280292873729018600e-06
6.918563897973441533e-06
1.061392843022861857e-05
1.580861742866578637e-05
2.308443454113619215e-05
3.323975130149277757e-05
4.728390263391611214e-05
6.654702946067500026e-05
9.270276033137192680e-05
1.278944676994001831e-04
1.747744345391216356e-04
2.366547850031541832e-04
3.175575936203999558e-04
4.223951273518956819e-04
5.570258832676054867e-04
7.284664346287924707e-04
9.449446836502984519e-04
1.216133216801183877e-03
1.553167613650323093e-03
1.968849385780132612e-03
2.477539136090712441e-03
3.095206825860051872e-03
3.839045243682076818e-03
4.727207736521815522e-03
5.778000522462165695e-03
7.009223635846745237e-03
8.436934495107272988e-03
1.007447811027518091e-02
1.193099103792144740e-02
1.401036166286964875e-02
1.630976524564057423e-02
1.881887918242278884e-02
2.151880390119349784e-02
2.438190423441435536e-02
2.737151749420101143e-02
3.044282305572622305e-02
3.354375440840090539e-02
3.661725651696008665e-02
3.960368258332690877e-02
4.244448305954432593e-02
4.508577583504764369e-02
4.748252764971128831e-02
4.960155339294113064e-02
5.142350765808979818e-02
5.294199001240760399e-02
5.416022001662101903e-02
5.508478733854986487e-02
5.571881046994070497e-02
5.605604070269062933e-02
5.607886987692870667e-02
5.576050551671855871e-02
5.507124626734826583e-02
5.398603068486872852e-02
5.249152812532928425e-02
5.059039397279991440e-02
4.830275015440582687e-02
4.566461441604958288e-02
4.272469716502793474e-02
3.953993867796761624e-02
3.617109792108261918e-02
3.267869773090297664e-02
2.912074539609948304e-02
2.555389206828409879e-02
2.204253656284308957e-02
1.868165836414664369e-02
1.562963270865213791e-02
1.309795855348569807e-02
1.120665517261653331e-02
9.819165373864577676e-03
8.661353507519498757e-03
7.563616661068719299e-03
6.496530571205764472e-03
5.488042947624631809e-03
4.568153683531890955e-03
3.753706330306518998e-03
3.049202453117153162e-03
2.451007768699375259e-03
1.950820014949969676e-03
1.538141723482989477e-03
1.201729429998296423e-03
9.305511517242497565e-04
7.142600828358797388e-04
5.435101912547512723e-04
4.100413426107403828e-04
3.067290003525780439e-04
2.275162302037260986e-04
1.673534881038163391e-04
1.220787687102503941e-04
8.832063087936393542e-05
6.337456191372895984e-05
4.510573301166678219e-05
3.184356289281295427e-05
2.230059247922932308e-05
1.549239793954781976e-05
1.067719364836695062e-05
7.300068679240997165e-06
4.951678832288636468e-06
