1.361341232860605653e-06
2.050930909185701727e-06
3.064537906156976505e-06
4.541720518861497054e-06
6.676220530934951010e-06
9.734412415342450509e-06
1.407891393740312336e-05
2.019830943272341752e-05
2.874399156776262358e-05
4.057519578027614994e-05
5.681327569627044603e-05
7.890603933489136190e-05
1.087025336795113128e-04
1.485380535851024805e-04
2.013283056288707300e-04
2.706704351783363821e-04
3.609467711438351040e-04
4.774242822876179244e-04
6.263396718050345162e-04
8.149706255758219775e-04
1.051787132616669807e-03
1.346850051820402700e-03
1.711637085257811672e-03
2.158067392487605408e-03
2.698807108635224196e-03
3.347507715018570827e-03
4.118389211926957831e-03
5.025738264682668224e-03
6.083377443845985194e-03
7.304063032142840868e-03
8.698805365245733390e-03
1.027612668661557864e-02
1.204128266434237836e-02
1.399548188856817275e-02
1.613514427205366142e-02
1.845124409843178215e-02
2.092878592988930628e-02
2.354646113150980768e-02
2.627652896873370475e-02
2.908495888413185557e-02
3.193185973149906959e-02
3.477220781491519724e-02
3.755686922960570912e-02
4.023389418928709910e-02
4.275004292987112653e-02
4.505248571642954392e-02
4.709060479724628406e-02
4.881781511398858298e-02
5.019331426475320823e-02
5.118367140008005245e-02
5.176416979336508767e-02
5.191982869569414238e-02
5.164604621164369663e-02
5.094882530873141163e-02
4.984456829981654541e-02
4.835944953928221490e-02
4.652839984801738354e-02
4.439375756918234606e-02
4.200365860675547847e-02
3.941025011941259870e-02
3.666781900835949792e-02
3.383092675438780644e-02
3.095263687171207617e-02
2.808291109367887228e-02
2.526723662040207194e-02
2.254553080379334551e-02
1.995135299163253509e-02
1.751143710240429113e-02
1.524554351360194598e-02
1.316661495600598801e-02
1.128120764174305943e-02
9.590155076960637029e-03
8.089408057466997495e-03
6.770982104618054713e-03
5.623936714317103250e-03
4.635313215949951778e-03
3.790971547941034310e-03
3.076288568071054979e-03
2.476705672461389143e-03
1.978134629596662881e-03
1.567243158154677570e-03
1.231645382907052598e-03
9.600195601907566276e-04
7.421700903914289381e-04
5.690457419198425215e-04
4.327225715307880501e-04
3.263583141112499312e-04
2.441244465221039284e-04
1.811220180169347915e-04
1.332871908412681895e-04
9.729201564759086486e-05
7.044524819343430430e-05
5.059708120148808275e-05
3.605063992094215900e-05
2.548208008349186124e-05
1.787020264800682443e-05
1.243570408259505461e-05
8.589630404221429300e-06
5.890618461866288473e-06
4.010991021960373311e-06
