1.064913749733903404e-06
1.591741532284141050e-06
2.362183737093138681e-06
3.476694030448377148e-06
5.084992966520603092e-06
7.386837390839392337e-06
1.067130107023623629e-05
1.532356807655125915e-05
2.188026560845182192e-05
3.104383916421046499e-05
4.375121736898246840e-05
6.119627789952126757e-05
8.490631140134105006e-05
1.167726159789933299e-04
1.591250087850356655e-04
2.147647364176301832e-04
2.870155791420235655e-04
3.797412364967529081e-04
4.973344028010190940e-04
6.446953758572443417e-04
8.271170573043573745e-04
1.050245449285713015e-03
1.319892348842215775e-03
1.642194940844830678e-03
2.023645904652311527e-03
2.472062822983318343e-03
2.997324254525839202e-03
3.613501964136519185e-03
4.339274870403821670e-03
5.198805984462790721e-03
6.217782273474488537e-03
7.420396942388068733e-03
8.822011374573576412e-03
1.042815281641750087e-02
1.223066353278621024e-02
1.421219483240808087e-02
1.634400520807196069e-02
1.859130744132395097e-02
2.090814893919034495e-02
2.324095580838822506e-02
2.551804993748490319e-02
2.764891888372251680e-02
2.950249564549406803e-02
3.089956705612313323e-02
3.160190543228495741e-02
3.146169118840373702e-02
3.090501326274915778e-02
3.133974340436666145e-02
3.353064879787358982e-02
3.638986594652955653e-02
3.876858409463295602e-02
4.033766461933577241e-02
4.114102353011832996e-02
4.129590969897738162e-02
4.090286380653741782e-02
4.004478302262908657e-02
3.878951342613513181e-02
3.719980324127260263e-02
3.533385947243860431e-02
3.324964631760349981e-02
3.100268090698098111e-02
2.864777183585197687e-02
2.623601399290821298e-02
2.381573874824132256e-02
2.142966184967240104e-02
1.911583741224572031e-02
1.690538836437359416e-02
1.482377544313900550e-02
1.288924641134348709e-02
1.111445901544436295e-02
9.505599471821562715e-03
8.064241688398971278e-03
6.786972055135098367e-03
5.667285850105398606e-03
4.695495255503574945e-03
3.860442401933885433e-03
3.149469532184259127e-03
2.549781655732189997e-03
2.048337463053852975e-03
1.632811164669353094e-03
1.291376616811418243e-03
1.013324538057470666e-03
7.887839683679510796e-04
6.090911181574980814e-04
4.665007687996258041e-04
3.543904343810578162e-04
2.669939141856080022e-04
1.994993801730200267e-04
1.478192453264569187e-04
1.086227122992221869e-04
7.914695208007965527e-05
5.719317053011135975e-05
4.097938527478261263e-05
2.912014439268234960e-05
2.051777791578411695e-05
1.433824012563261161e-05
9.935183860437947880e-06
6.828359913402182555e-06
4.653576338873338550e-06
3.146005743658041058e-06
