1.118138654283636784e-06
1.684602940227412684e-06
2.517301115351938739e-06
3.730913816137451709e-06
5.484583112376884465e-06
7.996971521894043460e-06
1.156552941507399694e-05
1.659080818170608282e-05
2.360670044319475541e-05
3.331748493293991339e-05
4.664248137231697159e-05
6.476895581489243079e-05
8.921363399693778154e-05
1.218927540585815851e-04
1.651999984952684161e-04
2.220908728296635084e-04
2.961711405064265559e-04
3.917857906741462905e-04
5.141037389562700018e-04
6.691920968330317045e-04
8.640724764241420166e-04
1.106750536753137257e-03
1.406208965219045686e-03
1.772353488648680062e-03
2.215901505804658295e-03
2.748203721958657631e-03
3.380990931350790710e-03
4.126040965592844487e-03
4.994764804139612165e-03
5.997715731038605336e-03
7.144030887115947540e-03
8.440820345106979372e-03
9.892524864677319091e-03
1.150026968278777297e-02
1.326124757760356945e-02
1.516816910951025374e-02
1.720882048648955664e-02
1.936576935977933275e-02
2.161625580475238714e-02
2.393229975077594551e-02
2.628104729522897157e-02
2.862536690112811241e-02
3.092469259703765211e-02
3.313609408734198569e-02
3.521552848959289689e-02
3.711918895525760653e-02
3.880486730483914681e-02
4.023349546986468295e-02
4.137105046499649913e-02
4.218999171403289838e-02
4.266996091034410549e-02
4.279849628184807103e-02
4.257166681999700192e-02
4.199433617782846739e-02
4.108002094526011505e-02
3.985037912752482925e-02
3.833436992379639363e-02
3.656713399876166531e-02
3.458865481252398899e-02
3.244227109717088414e-02
3.017311593426687255e-02
2.782655843485350514e-02
2.544671991406721387e-02
2.307512836102332959e-02
2.074956395364406167e-02
1.850313556005645302e-02
1.636361477140517093e-02
1.435304090521978375e-02
1.248759795631538931e-02
1.077775237786472891e-02
9.228628148569116216e-03
7.840582313758420741e-03
6.609930649679962578e-03
5.529761586211610729e-03
4.590770730059914526e-03
3.782051730733766281e-03
3.091792820137824731e-03
2.507849316134440603e-03
2.018184917385022238e-03
1.611192665141379481e-03
1.275916449473327250e-03
1.002195925959897295e-03
7.807543518685127739e-04
6.032435242440179314e-04
4.622552331165064162e-04
3.513055520725282617e-04
2.647968566070827150e-04
1.979621078717841637e-04
1.467960155905938203e-04
1.079777353429075637e-04
7.878954000958058419e-05
5.703539990008812651e-05
4.096268505998746859e-05
2.918937847287329885e-05
2.063836626015247064e-05
1.447962962081733228e-05
1.008055023579029243e-05
6.964074825606554790e-06
4.774162782877521742e-06
3.247746876638771314e-06
