1.608439772349713635e-06
2.420470177573154242e-06
3.617558183073739646e-06
5.369935375067776327e-06
7.903962463029281867e-06
1.153308633023466616e-05
1.668675121325300959e-05
2.394365354900236908e-05
3.407496126911022935e-05
4.809771517796437981e-05
6.733920487199049343e-05
9.351316887629173213e-05
1.288083000748614475e-04
1.759889198496077209e-04
2.385068241696853891e-04
3.206221855017269426e-04
4.275300099156594067e-04
5.654870148366148352e-04
7.419319545685091255e-04
9.655904594193321158e-04
1.246553493725884249e-03
1.596316747551976669e-03
2.027766869319373721e-03
2.555099669531555977e-03
3.193655542031195640e-03
3.959658609375829759e-03
4.869848707310485761e-03
5.940999405160957494e-03
7.189320833590853374e-03
8.629753054135092666e-03
1.027516381757184218e-02
1.213547344188412730e-02
1.421673867627237797e-02
1.652023615581016056e-02
1.904159363860804394e-02
2.177002284503180840e-02
2.468771059072813814e-02
2.776942432086572723e-02
3.098238359151693488e-02
3.428644024456432154e-02
3.763459704689121887e-02
4.097387783819759349e-02
4.424654255733902197e-02
4.739161906256399159e-02
5.034670192210708578e-02
5.304994808400741862e-02
5.544218243356000692e-02
5.746901453227694356e-02
5.908286269278351793e-02
6.024478350171062757e-02
6.092601332913939044e-02
6.110914171846794363e-02
6.078885326979657083e-02
5.997219411472574230e-02
5.867834179709136011e-02
5.693788368138251454e-02
5.479163770102024600e-02
5.228907727241041692e-02
4.948644581471067783e-02
4.644466271229159143e-02
4.322713061652067729e-02
3.989755414293831570e-02
3.651787382002887050e-02
3.314640909067490676e-02
2.983629412185413027e-02
2.663428543922666258e-02
2.358002083068689442e-02
2.070576636556109920e-02
1.803639642169817259e-02
1.558869913870530866e-02
1.336983170732965534e-02
1.137813048532996044e-02
9.607097126641692131e-03
8.047673974586137466e-03
6.688226440075048691e-03
5.514675416606449991e-03
4.511212681391770819e-03
3.661142407845603252e-03
2.947600088792897820e-03
2.354099757416813852e-03
1.864927534185596529e-03
1.465411795178439601e-03
1.142096930551152406e-03
8.828413641002130731e-04
6.768551205728071335e-04
5.146887315792918454e-04
3.881834331490490787e-04
2.903917616699296881e-04
2.154771489903099682e-04
1.586005228642858639e-04
1.158010558637128236e-04
8.387707869859727756e-05
6.027188484918340563e-05
4.296783273631727041e-05
3.039091452592196648e-05
2.132688795254124666e-05
1.484920248204517180e-05
1.025830458240349897e-05
7.031466038658635222e-06
4.782016643235325698e-06
