1.738157757132973913e-06
2.618618279682537597e-06
3.912940043141184234e-06
5.799434111930531418e-06
8.525545290153800550e-06
1.243125086750124494e-05
1.797897815462745521e-05
2.579132141479470986e-05
3.669789419945483595e-05
5.179262956304124039e-05
7.250270491650566515e-05
1.006699832835370524e-04
1.386453897505944945e-04
1.893959440503457351e-04
2.566232169961399552e-04
3.448907515774618190e-04
4.597564894636194501e-04
6.079044969252100049e-04
7.972683500385475833e-04
1.037136515167319094e-03
1.338228086520637126e-03
1.712725498949603650e-03
2.174249538514375947e-03
2.737761369163094205e-03
3.419376633848044810e-03
4.236078211878698506e-03
5.205317119388245053e-03
6.344495452409626597e-03
7.670331214531162650e-03
9.198112233876508045e-03
1.094085489473473061e-02
1.290839266249287423e-02
1.510642878458751635e-02
1.753559638926286551e-02
2.019057667114488447e-02
2.305933110998237279e-02
2.612250592210518113e-02
2.935306552586313886e-02
3.271620625633596402e-02
3.616959172135618406e-02
3.966393722462181054e-02
4.314395314079669946e-02
4.654963693004152830e-02
4.981788187140658714e-02
5.288434906954819770e-02
5.568552947612061960e-02
5.816090619169709403e-02
6.025511565188752805e-02
6.192000063093587581e-02
6.311644907492564016e-02
6.381592084785982222e-02
6.400157922069198146e-02
6.366896448534410669e-02
6.282617206900205364e-02
6.149352521135288685e-02
5.970276066600341269e-02
5.749577295307555652e-02
5.492298649483953743e-02
5.204144386739440603e-02
4.891271117744314806e-02
4.560070752073074746e-02
4.216956445544025461e-02
3.868161383824596927e-02
3.519558912111399318e-02
3.176510757685477998e-02
2.843748044703005295e-02
2.525287632734608129e-02
2.224384182133152046e-02
1.943516402818286012e-02
1.684404293417416862e-02
1.448052905351181370e-02
1.234817314422500742e-02
1.044483057056387262e-02
8.763562630882697560e-03
7.293580390740618709e-03
6.021182542128148719e-03
4.930646738288409908e-03
4.005042897798944887e-03
3.226946350846532884e-03
2.579037740516795622e-03
2.044584759998717503e-03
1.607807730017196592e-03
1.254136486578410472e-03
9.703699906286774018e-04
7.447525446054835407e-04
5.669816555312673281e-04
4.281626316787498867e-04
3.207241833700064495e-04
2.383078675778645507e-04
1.756424053860254988e-04
1.284119164048715708e-04
9.312512229508418892e-05
6.699069859858946619e-05
4.780228561781100561e-05
3.383525417308090854e-05
2.375617927345432832e-05
1.654509900642018360e-05
1.143000552037251869e-05
7.832597689531733151e-06
5.324083743214742742e-06
