-8.491251459892320426e-08
-1.268768576857632103e-07
-1.881480643408904136e-07
-2.768873244847969454e-07
-4.043586677116134863e-07
-5.859496736441011718e-07
-8.424591322315168313e-07
-1.201693853255999730e-06
-1.700413173904488555e-06
-2.386651357836708885e-06
-3.322433545562127673e-06
-4.586878594150830453e-06
-6.279650649907792537e-06
-8.524679966999737160e-06
-1.147402280111508359e-05
-1.531167204696158812e-05
-2.025706802464343972e-05
-2.656799731810440465e-05
-3.454251299008137863e-05
-4.451946866494993244e-05
-5.687723796265244249e-05
-7.203019245436180018e-05
-9.042253200765500729e-05
-1.125190883868011990e-04
-1.387927383338272592e-04
-1.697080629925094516e-04
-2.057009318997866530e-04
-2.471539305346355758e-04
-2.943682110638691117e-04
-3.475334766161946665e-04
-4.066989741957037496e-04
-4.717487278981342610e-04
-5.423833240354627560e-04
-6.181089868647257060e-04
-6.982336778264395432e-04
-7.818700526913353920e-04
-8.679457814880788512e-04
-9.552221634358231805e-04
-1.042321853835892530e-03
-1.127766130083704106e-03
-1.210022022063535728e-03
-1.287560614832685075e-03
-1.358931087077442767e-03
-1.422861058261306027e-03
-1.478391175763923504e-03
-1.524967835874301101e-03
-1.562117790155134484e-03
-1.588504757275748750e-03
-1.602221553956947831e-03
-1.602701410196033819e-03
-1.590731288457652472e-03
-1.567380316211275425e-03
-1.533669931524422143e-03
-1.490632631724862290e-03
-1.439369297822009480e-03
-1.381053697039679156e-03
-1.316907848548397103e-03
-1.248167041751508831e-03
-1.176044085122226980e-03
-1.101697410728495492e-03
-1.026205246024974567e-03
-9.505467561509836540e-04
-8.755902306571135101e-04
-8.020878088164679499e-04
-7.306758322959888219e-04
-6.618796592495148788e-04
-5.961216579423525303e-04
-5.337311066656228028e-04
-4.749548399130845374e-04
-4.199676734501163510e-04
-3.688818850937192846e-04
-3.217552958369429539e-04
-2.785977617259369947e-04
-2.393761287842507534e-04
-2.040179038654097322e-04
-1.724140405878736039e-04
-1.444213225168469879e-04
-1.198648405234874296e-04
-9.854100737326556279e-05
-8.022143565239002059e-05
-6.465783839433174350e-05
-5.158791706326530522e-05
-4.074200809448060869e-05
-3.185009937314910866e-05
-2.464873067383117119e-05
-1.888727499182750038e-05
-1.433316230036903138e-05
-1.077573769909125560e-05
-8.028613285518008402e-06
-5.930543475472470383e-06
-4.344996834370421126e-06
-3.158694132690601874e-06
-2.279425771309493698e-06
-1.633457084208928168e-06
-1.162790067801058940e-06
-8.224903136482725094e-07
-5.782225679410982257e-07
-4.040779691393617951e-07
-2.807267865653726690e-07
-1.938946466991464108e-07
