-8.360578213282490836e-08
-1.250616697908853323e-07
-1.856959799815531883e-07
-2.736722003085274907e-07
-4.002560974342584813e-07
-5.807947715853197746e-07
-8.359266523615476754e-07
-1.193087254635459142e-06
-1.688392944508719973e-06
-2.368955101208953468e-06
-3.295617128455440858e-06
-4.546070104305656448e-06
-6.218298216612320670e-06
-8.434302303469624993e-06
-1.134404730416252170e-05
-1.512964009674673887e-05
-2.001005078011700218e-05
-2.624775559838244443e-05
-3.416163434317611146e-05
-4.415356946731802330e-05
-5.671999823042760895e-05
-7.226244114805110670e-05
-9.088490172083346500e-05
-1.129032746990103509e-04
-1.389179323037267714e-04
-1.694803158051843954e-04
-2.050421054172167645e-04
-2.459740358057243116e-04
-2.925606920830797872e-04
-3.449811311262839940e-04
-4.032855040726667710e-04
-4.673722665644198669e-04
-5.369685015863509851e-04
-6.116152354145174474e-04
-6.906593304340792302e-04
-7.732532508292522299e-04
-8.583636248548709782e-04
-9.447890578480458218e-04
-1.031187102894650515e-03
-1.116109707184698716e-03
-1.198045866643419151e-03
-1.275469687658522134e-03
-1.346891618662242329e-03
-1.410910314662999895e-03
-1.466262462057902434e-03
-1.511867933071088565e-03
-1.546867858668096642e-03
-1.570653592254354263e-03
-1.582885058963317973e-03
-1.583497612626393524e-03
-1.572697212878737929e-03
-1.550944440798504966e-03
-1.518928541810827225e-03
-1.477533267603331696e-03
-1.427796736799640236e-03
-1.370867809112306457e-03
-1.307961546810826716e-03
-1.240316217126501445e-03
-1.169153986839793508e-03
-1.095647011816141539e-03
-1.020890079659217799e-03
-9.458803801756978519e-04
-8.715044130652512162e-04
-7.985315453375624361e-04
-7.276133407274061431e-04
-6.592875232421946266e-04
-5.939853147279908468e-04
-5.320408951527850214e-04
-4.737018549886894223e-04
-4.191397130665597509e-04
-3.684598257087593593e-04
-3.217102759806744652e-04
-2.788895685332584413e-04
-2.399531350471717668e-04
-2.048187609583575815e-04
-1.733710814817158150e-04
-1.454652956470864334e-04
-1.209302599535402704e-04
-9.957118788578647739e-05
-8.117229411474078283e-05
-6.549982041462674152e-05
-5.230587183987548913e-05
-4.133331834833353316e-05
-3.232170768585704984e-05
-2.501380015298266900e-05
-1.916210334747618356e-05
-1.453473134128787010e-05
-1.092003312434601459e-05
-8.129664294918196134e-06
-6.000031191772378329e-06
-4.392252436340232073e-06
-3.190924905456583627e-06
-2.302043746315556429e-06
-1.650421838538728758e-06
-1.176904004288019607e-06
-8.355990083889570987e-07
-5.912885010119627105e-07
-4.171625975514418035e-07
-2.930833802765522935e-07
-2.044519322301645819e-07
