-8.346144771280374422e-08
-1.277066646678282699e-07
-1.956157953275993034e-07
-2.901740115657905349e-07
-4.205300901269922913e-07
-6.039299969342003874e-07
-8.620824780617344512e-07
-1.222947931390134787e-06
-1.723147934200527101e-06
-2.410425129504527371e-06
-3.346385598613077692e-06
-4.609602185676967864e-06
-6.299067115768963403e-06
-8.537925666401958383e-06
-1.147736834319227017e-05
-1.530049885196208421e-05
-2.022592863677397115e-05
-2.651077839485282465e-05
-3.445269746817022249e-05
-4.439045026634208806e-05
-5.670257431848241329e-05
-7.180359910098856231e-05
-9.013734205217980113e-05
-1.121668813607139677e-04
-1.383609535150067489e-04
-1.691767385903795518e-04
-2.050392682682364417e-04
-2.463180000650443601e-04
-2.933014181047781648e-04
-3.461708160225218807e-04
-4.049746644479858921e-04
-4.696051425477182589e-04
-5.397785033283700662e-04
-6.150209312674119033e-04
-6.946614253814622142e-04
-7.778329912449002915e-04
-8.634830483179315374e-04
-9.503934607102088126e-04
-1.037209998781435469e-03
-1.122480367049662501e-03
-1.204699234271671120e-03
-1.282358029900488921e-03
-1.353996697081843526e-03
-1.418254203835411309e-03
-1.473914520801139407e-03
-1.519945099604373337e-03
-1.555525730327959877e-03
-1.580067009952572073e-03
-1.593219276239692464e-03
-1.594874214854088111e-03
-1.585161730198271285e-03
-1.564443646166754865e-03
-1.533303715011170030e-03
-1.492531469330912091e-03
-1.443097037473805265e-03
-1.386115661935334717e-03
-1.322803495292936872e-03
-1.254428786490528660e-03
-1.182263695570490332e-03
-1.107541547797012693e-03
-1.031422975645404898e-03
-9.549729028382708367e-04
-8.791492857611408465e-04
-8.048041976021256356e-04
-7.326979996933125419e-04
-6.635262939895786695e-04
-5.979500149097526649e-04
-5.365812528673730413e-04
-4.797984315534072433e-04
-4.273256705088218513e-04
-3.781497977765945016e-04
-3.314935218791527187e-04
-2.875657419124843443e-04
-2.470008647038941948e-04
-2.102185462559880060e-04
-1.773320763581875297e-04
-1.482626065992166556e-04
-1.228326480189245642e-04
-1.008136186887284211e-04
-8.194766407904303734e-05
-6.595888607825179512e-05
-5.256104238130736018e-05
-4.146438733239964200e-05
-3.238236481608844678e-05
-2.503805735388891092e-05
-1.917001488060254624e-05
-1.453706023581124578e-05
-1.092177111526405037e-05
-8.132498849972436193e-06
-6.003953514206533910e-06
-4.396527532971576956e-06
-3.194625584904840757e-06
-2.304310875544861424e-06
-1.650572299312193598e-06
-1.174476551957807388e-06
-8.304094070982423244e-07
-5.835452651344973808e-07
-4.076241575799700614e-07
-2.830666980374197377e-07
-1.954221850130231024e-07
