-8.567075896309768542e-08
-1.278271605669851359e-07
-1.893238883117677072e-07
-2.783194904124113651e-07
-4.060690856508511686e-07
-5.879413313512068789e-07
-8.447009601755243131e-07
-1.204098841809229199e-06
-1.702807877016590954e-06
-2.388734702737831752e-06
-3.323722790768101675e-06
-4.586640549463297245e-06
-6.276817133694371335e-06
-8.517748070053779693e-06
-1.146094277919962544e-05
-1.528972822859208178e-05
-2.022276036601749479e-05
-2.651693226192254784e-05
-3.446931097554734014e-05
-4.441769086436217674e-05
-5.673932594753382903e-05
-7.184740241224455023e-05
-9.018483401097564006e-05
-1.122150006187199009e-04
-1.384090914648498634e-04
-1.692297557854105354e-04
-2.051108397553845259e-04
-2.464332084005687240e-04
-2.934971827419434161e-04
-3.464930461427119025e-04
-4.054721337415355701e-04
-4.703215736263398404e-04
-5.407452535767438319e-04
-6.162522770226592280e-04
-6.961530014126783789e-04
-7.795624519869391155e-04
-8.654113084449947639e-04
-9.524650877751152968e-04
-1.039352155367754800e-03
-1.124600879368304425e-03
-1.206686057215168367e-03
-1.284085378911328009e-03
-1.355349110886183532e-03
-1.419190772778869620e-03
-1.474605048968509729e-03
-1.520958625891436758e-03
-1.557769818499797751e-03
-1.583939831768071222e-03
-1.597786160862152069e-03
-1.598639640299375810e-03
-1.587133404988242281e-03
-1.564279487172334391e-03
-1.531083762549510655e-03
-1.488568263316666440e-03
-1.437821281515518947e-03
-1.380002473515737869e-03
-1.316319828099985541e-03
-1.247996058816725493e-03
-1.176233867459986057e-03
-1.102184713098127399e-03
-1.026923316397041494e-03
-9.514288283131833819e-04
-8.765727767490123822e-04
-8.031133381867720366e-04
-7.316950838704012723e-04
-6.628530967363202662e-04
-5.970202350630182848e-04
-5.345363197017919017e-04
-4.756581260897203758e-04
-4.205692467342720428e-04
-3.693891274422099664e-04
-3.221808430979583994e-04
-2.789574394573671764e-04
-2.396869027198075916e-04
-2.042960096396083359e-04
-1.726734439001227465e-04
-1.446726311219678784e-04
-1.201147425926689789e-04
-9.879225002235107441e-05
-8.047329036675222196e-05
-6.490693789321262935e-05
-5.182930326720361439e-05
-4.097021345295306244e-05
-3.206009831645704133e-05
-2.483664103339653468e-05
-1.905075017823848054e-05
-1.447147879846717151e-05
-1.088963432986778209e-05
-8.119968817793628407e-06
-6.001984997491472216e-06
-4.399517221430997126e-06
-3.199331563003589144e-06
-2.309030686943953816e-06
-1.654549077775035824e-06
-1.177492170933226306e-06
-8.325211739043151513e-07
-5.849261918915908350e-07
-4.084736171136598000e-07
-2.835660443648068601e-07
-1.957171690417552129e-07
