1.096745518777634656e-06
1.652873778043643634e-06
2.470649057522843877e-06
3.662930433153472920e-06
5.386420633108770459e-06
7.856563178933754222e-06
1.136662494835880233e-05
1.631180628307472299e-05
2.321926935997145711e-05
3.278497835385234900e-05
4.591818089106431739e-05
6.379420507002315686e-05
8.791597353240456750e-05
1.201842194302403489e-04
1.629758053130438069e-04
2.192287780883705583e-04
2.925318351166280944e-04
3.872147375338427918e-04
5.084349169459695568e-04
6.622541356317238753e-04
8.556976612718387087e-04
1.096787116435719465e-03
1.394537097932630485e-03
1.758904989760129694e-03
2.200683289633593737e-03
2.731324422027029027e-03
3.362689627824639368e-03
4.106716314836766739e-03
4.975002364652250306e-03
5.978311218988331850e-03
7.126007637470912169e-03
8.425440148416384403e-03
9.881292006138063869e-03
1.149492802952344073e-02
1.326377013426425361e-02
1.518073914643070649e-02
1.723380351449069550e-02
1.940567585229163380e-02
2.167369539900226849e-02
2.400992848129579124e-02
2.638151019799588742e-02
2.875123935666097294e-02
3.107842596196916038e-02
3.331997663190282982e-02
3.543168353490309258e-02
3.736963192557170993e-02
3.909153758218884833e-02
4.055796755877922460e-02
4.173406165221922592e-02
4.259151142586218436e-02
4.310952620457383921e-02
4.327530369306730601e-02
4.308451459786161175e-02
4.254155415162551301e-02
4.165941700545887361e-02
4.045919863560852592e-02
3.896926375972772222e-02
3.722413478983752078e-02
3.526316393352358497e-02
3.312906115731084622e-02
3.086635499350775733e-02
2.851986323887643893e-02
2.613324590988201981e-02
2.374770387671901184e-02
2.140087425540727201e-02
1.912595898478974821e-02
1.695110725267268137e-02
1.489905675471893745e-02
1.298702425269442420e-02
1.122682343389709396e-02
9.625178300380623012e-03
8.184193597831701875e-03
6.901940218188096568e-03
5.773112918889686945e-03
4.789719736985663043e-03
3.941766639716414583e-03
3.217906668760384288e-03
2.606029508472872472e-03
2.093774473872995166e-03
1.668956869909101002e-03
1.319904100821116429e-03
1.035703480504520518e-03
8.063681803574233474e-04
6.229310163468914675e-04
4.774777878517961951e-04
3.631327024810840506e-04
2.740082100465294416e-04
2.051305528883481239e-04
1.523507857080937371e-04
1.122491937444986232e-04
8.203917660936052331e-05
5.947494034576453924e-05
4.276585832716715526e-05
3.049916637564955213e-05
2.157174591832976558e-05
1.513108949045397372e-05
1.052509137963529207e-05
7.260017575135526820e-06
4.965843461596717728e-06
3.368072211332714207e-06
