1.339308653258848799e-06
2.018278672537251337e-06
3.016558494484056086e-06
4.471814048998339540e-06
6.575219841714272852e-06
9.589716572174705877e-06
1.387341375020389367e-05
1.990910061036842035e-05
2.834087361945819751e-05
4.001895733268244243e-05
5.605378881571526851e-05
7.788023052661234569e-05
1.073323596483909787e-04
1.467286841365831815e-04
1.989668116728644917e-04
2.676254088592275207e-04
3.570694778603105183e-04
4.725520969000850135e-04
6.203020513804417694e-04
8.075933965290981896e-04
1.042877886557228235e-03
1.336175685653740158e-03
1.698990080742838029e-03
2.143330558222996188e-03
2.681951372636106126e-03
3.328601044606301768e-03
4.097619808332588626e-03
5.003442834155914787e-03
6.060069963180540059e-03
7.280461522722958892e-03
8.675854847394281685e-03
1.025501663167904809e-02
1.202345736976321612e-02
1.398264241517737684e-02
1.612924092861112851e-02
1.845445892225813095e-02
2.094350516134152462e-02
2.357523826767804129e-02
2.632203955234618462e-02
2.914994867763045019e-02
3.201908828720790440e-02
3.488438963504519874e-02
3.769661468834677870e-02
4.040365216211951743e-02
4.295204666842866031e-02
4.528870297210828982e-02
4.736269260325160629e-02
4.912707906199368507e-02
5.054067163363361315e-02
5.156961717095891878e-02
5.218874445711707555e-02
5.238258684285018729e-02
5.214602518704947870e-02
5.148451369679275108e-02
5.041387465545929536e-02
4.895967256689856550e-02
4.715620212777463238e-02
4.504514590906300020e-02
4.267397512785962160e-02
4.009417921827368447e-02
3.735941631457873752e-02
3.452367699785364313e-02
3.163954799422804415e-02
2.875665167281758403e-02
2.592032226727598518e-02
2.317056207881768373e-02
2.054130196862394286e-02
1.805997165454455156e-02
1.574736799442878754e-02
1.361779463552354776e-02
1.167943490340417508e-02
9.934912023013239488e-03
8.381986789906675783e-03
7.014342395754128053e-03
5.822408733499726506e-03
4.794183444206052622e-03
3.916013429929778716e-03
3.173307840116555527e-03
2.551161151857527128e-03
2.034872650274075108e-03
1.610356217039009882e-03
1.264441576539203360e-03
9.850745169082003334e-04
7.614284659274386411e-04
5.839427039606172841e-04
4.443033935961412527e-04
3.353828689288997078e-04
2.511508414808005731e-04
1.865689096184541471e-04
1.374774133151844579e-04
1.004814925961977482e-04
7.284129544596846053e-05
5.236967493888527113e-05
3.733941262187826416e-05
2.640097975116745171e-05
1.851105552460209698e-05
1.287140613498090029e-05
8.877284959816470175e-06
6.074464533471002006e-06
4.124607736617204506e-06
