1.840157561248144736e-06
2.772929321301288045e-06
4.144415501043781315e-06
6.143780357850583867e-06
9.033627782260896717e-06
1.317492180906920394e-05
1.905888724691169573e-05
2.734728154532564538e-05
3.892250084242151570e-05
5.494897514823116237e-05
7.694718467555594198e-05
1.068813514052919725e-04
1.472613843558416807e-04
2.012589418863099978e-04
2.728364836135669324e-04
3.668868938074109211e-04
4.893796617514485246e-04
6.475077230762331859e-04
8.498269539540348298e-04
1.106378062432479201e-03
1.428778378439067099e-03
1.830268992600505174e-03
2.325701062696855417e-03
2.931444157276840053e-03
3.665199521565214256e-03
4.545702422776846073e-03
5.592300549396318939e-03
6.824400065899511106e-03
8.260777527692315589e-03
9.918764354661992536e-03
1.181332043770358387e-02
1.395602383242808102e-02
1.635401353966196500e-02
1.900893167954802870e-02
2.191591974719734812e-02
2.506273046458063272e-02
2.842902075342902332e-02
3.198589119984763390e-02
3.569573224061664551e-02
3.951242702558258740e-02
4.338194588511461863e-02
4.724334837666969295e-02
5.103018722571612403e-02
5.467228523331426476e-02
5.809782892236120544e-02
6.123567266979960261e-02
6.401764709439676515e-02
6.638072213670959121e-02
6.826945940721057537e-02
6.963874087364835264e-02
7.045554477430909790e-02
7.069991386268845157e-02
7.036567746059439743e-02
6.946075870920556672e-02
6.800690508679106683e-02
6.603884015004667096e-02
6.360289394228620108e-02
6.075519478415698782e-02
5.755952394710076719e-02
5.408494857764511998e-02
5.040335541659345109e-02
4.658700743937263522e-02
4.270623763227329034e-02
3.882737956331700629e-02
3.501101459028408552e-02
3.131059220142574928e-02
2.777145499557135896e-02
2.443027504843256828e-02
2.131488557356454178e-02
1.844447225590939432e-02
1.583007340528269288e-02
1.347532770253694751e-02
1.137740291529951153e-02
9.528038275555343259e-03
7.914636653394263241e-03
6.521349420913504641e-03
5.330106043536563497e-03
4.321550998921004465e-03
3.475861693758525248e-03
2.773431827171796583e-03
2.195414490666393933e-03
1.724127726230143941e-03
1.343331988956205248e-03
1.038393846297871277e-03
7.963533069142488680e-04
6.059135446732188783e-04
4.573716997233118263e-04
3.425081970964099880e-04
2.544499589834277320e-04
1.875203399308523133e-04
1.370858990048826693e-04
9.940749914831123100e-05
7.150087652188231438e-05
5.100985556417769002e-05
3.609383044783904366e-05
2.532996924608137888e-05
1.762977197156727769e-05
1.216906543054860656e-05
8.330186092207436080e-06
5.654934261992900848e-06
