1.584299929689168319e-06
2.384015113124225048e-06
3.563539222527960330e-06
5.292354092294960854e-06
7.793507275149228814e-06
1.137642387521257598e-05
1.646594046916462797e-05
2.363491610610074297e-05
3.364713734147923170e-05
4.751048237940657830e-05
6.654109251621793833e-05
9.243942846511188783e-05
1.273787382051700463e-04
1.741058563336110641e-04
2.360534041941566717e-04
3.174613474608814663e-04
4.235044851841874799e-04
5.604208045123057914e-04
7.356337804549363231e-04
9.578597088697262969e-04
1.237189155416970826e-03
1.585129753388357134e-03
2.014596106146578948e-03
2.539831701040520980e-03
3.176247795714034258e-03
3.940165457778071340e-03
4.848449538957739884e-03
5.918027473682884766e-03
7.165291425185773590e-03
8.605389346402113337e-03
1.025141873042713196e-02
1.211354581104267386e-02
1.419808221613757040e-02
1.650655992452350340e-02
1.903485307264721899e-02
2.177240088524863559e-02
2.470158895524345380e-02
2.779734555829703121e-02
3.102700512385688295e-02
3.435048212757260688e-02
3.772078557894837508e-02
4.108488738024704962e-02
4.438493793760976691e-02
4.755980069217599637e-02
5.054685522162397082e-02
5.328399802992496437e-02
5.571175305134829642e-02
5.777539215730145838e-02
5.942696106924385407e-02
6.062710862160189396e-02
6.134662654559649292e-02
6.156762099329957105e-02
6.128425392219014750e-02
6.050301144392350450e-02
5.924247806458474153e-02
5.753262137257723896e-02
5.541362041406738131e-02
5.293429964121976888e-02
5.015025477188512354e-02
4.712177387867991230e-02
4.391166516264543435e-02
4.058310254516914184e-02
3.719759291485737196e-02
3.381315681135451529e-02
3.048280069818871951e-02
2.725334827764474069e-02
2.416469287280586728e-02
2.124950665137551736e-02
1.853325945240815245e-02
1.603390981928722731e-02
1.376085786757267129e-02
1.171517425174882325e-02
9.892436753432782420e-03
8.284918719762912956e-03
6.881942982040469177e-03
5.670104409919244845e-03
4.633930218129965993e-03
3.756698671661546848e-03
3.021201091876725680e-03
2.410377074454933544e-03
1.907811767280660157e-03
1.498101848133281651e-03
1.167102841160048239e-03
9.020733128755566068e-04
6.917330600826673967e-04
5.262528669251261438e-04
3.971928370725517779e-04
2.974048691803302764e-04
2.209127949990768525e-04
1.627813247718263743e-04
1.189825061863477679e-04
8.626610667324913586e-05
6.203830864365732169e-05
4.425142932323855425e-05
3.130605262153025615e-05
2.196596514477654544e-05
1.528557797519913413e-05
1.054903981354953171e-05
7.219956723074226494e-06
4.900485669867872845e-06
