2.234774259170972843e-06
3.366794931020388117e-06
5.030922912610119184e-06
7.456415286767866767e-06
1.096141537305477970e-05
1.598303682964452070e-05
2.311582905594965594e-05
3.316027039045025849e-05
4.718300682787078022e-05
6.659052372391011684e-05
9.321776346407910536e-05
1.294328356502626816e-04
1.782583582507641371e-04
2.435090709218734248e-04
3.299441361378943442e-04
4.434309663138793654e-04
5.911154864532259211e-04
7.815914960467008855e-04
1.025059307192416726e-03
1.333461233786552812e-03
1.720578968383666609e-03
2.202075641506631622e-03
2.795463692375628820e-03
3.519978903209697568e-03
4.396341386376060277e-03
5.446386272415473101e-03
6.692550582070605492e-03
8.157208438812398738e-03
9.861854418682992549e-03
1.182614430069837616e-02
1.406681343608750731e-02
1.659650485177656398e-02
1.942255129446965323e-02
2.254576678619494082e-02
2.595931286290056178e-02
2.964771142712019705e-02
3.358607904270662081e-02
3.773965567610993582e-02
4.206369375814625333e-02
4.650376078460051466e-02
5.099649071737089728e-02
5.547079689531034946e-02
5.984953319576777342e-02
6.405156240609424789e-02
6.799416308941912124e-02
7.159568075501208939e-02
7.477830796075336794e-02
7.747086298099820079e-02
7.961142938263171542e-02
8.114972023919035660e-02
8.204904109010564828e-02
8.228774471231896370e-02
8.186009719544172503e-02
8.077650694586054059e-02
7.906310384316724005e-02
7.676069228486204210e-02
7.392313665395441880e-02
7.061526835050836726e-02
6.691042782950717971e-02
6.288777151385553654e-02
5.862948109808242131e-02
5.421801144270890771e-02
4.973350350631654260e-02
4.525147172714651111e-02
4.084085259881301694e-02
3.656247486046722978e-02
3.246798384944494381e-02
2.859922519885498352e-02
2.498806803623494083e-02
2.165662662965253324e-02
1.861782306880090457e-02
1.587622261400362111e-02
1.342906787643922788e-02
1.126743766827765537e-02
9.377460502380769586e-03
7.741520411307612100e-03
6.339402949228002682e-03
5.149340868598690883e-03
4.148931022516969859e-03
3.315905666378733945e-03
2.628751834284063626e-03
2.067181367164962896e-03
1.612461197029386875e-03
1.247618559379729637e-03
9.575389859213366160e-04
7.289764142544897553e-04
5.504948121583915421e-04
4.123596643328668754e-04
3.063958297429675271e-04
2.258259497820335393e-04
1.651010353776924378e-04
1.197323000936795050e-04
8.613089819818630938e-05
6.146008150861388870e-05
4.350246965110408335e-05
3.054365906586977954e-05
2.127227015111157654e-05
1.469572138333606109e-05
1.007048274368366756e-05
6.845250526990389697e-06
