-1.533631164100015258e-07
-2.280196225106420228e-07
-3.396582736608849046e-07
-4.954699498617487709e-07
-7.087085484032923692e-07
-1.003572674864975426e-06
-1.411602357973303895e-06
-1.973457127227920735e-06
-2.742148011950275423e-06
-3.786631127229725320e-06
-5.195938100326455201e-06
-7.083965391118265904e-06
-9.594943964089251069e-06
-1.290952639649066105e-05
-1.725133556609684970e-05
-2.289370753666729181e-05
-3.016623035540653877e-05
-3.946053504307263685e-05
-5.123464500029265543e-05
-6.601505060488135305e-05
-8.439556765935292155e-05
-1.070319871732726365e-04
-1.346315581094946197e-04
-1.679364911180571780e-04
-2.077009491577484442e-04
-2.546614047829854981e-04
-3.095007782247732398e-04
-3.728073885237019906e-04
-4.450303980705019218e-04
-5.264340457464489415e-04
-6.170534809026149330e-04
-7.166553697077878912e-04
-8.247065947732522707e-04
-9.403542664533170005e-04
-1.062419881567481985e-03
-1.189409793284287430e-03
-1.319543210180722497e-03
-1.450797767670086984e-03
-1.580971385278355252e-03
-1.707757739043188694e-03
-1.828831359763241713e-03
-1.941937247518843229e-03
-2.044979110172653707e-03
-2.136100031120843901e-03
-2.213749690300326547e-03
-2.276733321825654636e-03
-2.324239435453236916e-03
-2.355845824042220385e-03
-2.371506096530578891e-03
-2.371521166357910652e-03
-2.356500944924477293e-03
-2.327320514962221646e-03
-2.285072797093801091e-03
-2.231017574117312788e-03
-2.166526157639310241e-03
-2.093022406399536791e-03
-2.011923314994875766e-03
-1.924584452372596214e-03
-1.832256099054632758e-03
-1.736054983309069698e-03
-1.636954760156977872e-03
-1.535796660930582695e-03
-1.433320628526122071e-03
-1.330216859195792155e-03
-1.227197272788412268e-03
-1.125082325762840870e-03
-1.024876533613611499e-03
-9.277300914344900618e-04
-8.345581415880228828e-04
-7.453185456192823076e-04
-6.590936260060162571e-04
-5.757298239569285953e-04
-4.965631166881470963e-04
-4.232666267080195145e-04
-3.569383550115936936e-04
-2.980253613487757105e-04
-2.465120956811075689e-04
-2.020844589681645791e-04
-1.642411651813324811e-04
-1.323723590590289412e-04
-1.058180993465541314e-04
-8.391170285363736860e-05
-6.601034503982867194e-05
-5.151499199100460704e-05
-3.988186106235963802e-05
-3.062755872188704438e-05
-2.332977673393690061e-05
-1.762505290085574877e-05
-1.320472492466206484e-05
-9.809883563731891173e-06
-7.225882032201530071e-06
-5.276777344839579911e-06
-3.819951782768342378e-06
-2.741073729419535201e-06
-1.949494456924854033e-06
-1.374132303359563236e-06
-9.598624887849443661e-07
-6.644062445056228039e-07
-4.556950431247627144e-07
-3.096733309783021982e-07
