-1.588118824030977403e-07
-2.322952833522259960e-07
-3.373061281259907816e-07
-4.862810479899215527e-07
-6.961134128258718872e-07
-9.895730107470442544e-07
-1.397108243107342448e-06
-1.959105648300757855e-06
-2.728683980898809674e-06
-3.775096057858189284e-06
-5.187797820913540114e-06
-7.081216781847127662e-06
-9.600207479991073152e-06
-1.292611677163571068e-05
-1.728329517607205841e-05
-2.294578293453952516e-05
-3.024377480603061209e-05
-3.956933350038288166e-05
-5.138068933684141235e-05
-6.620434741500104230e-05
-8.463413826626373017e-05
-1.073263058409011569e-04
-1.349897332113679949e-04
-1.683704587446275874e-04
-2.082297306643793842e-04
-2.553150088394758543e-04
-3.103236419320505287e-04
-3.738596113025408540e-04
-4.463849302106347844e-04
-5.281689448250963910e-04
-6.192402918193696268e-04
-7.193466659796851842e-04
-8.279263749523473699e-04
-9.440936297947961908e-04
-1.066638014938920938e-03
-1.194038285657542239e-03
-1.324491035065319695e-03
-1.455954918772972822e-03
-1.586210612830300402e-03
-1.712935825286751980e-03
-1.833794242614400060e-03
-1.946538281165107950e-03
-2.049129002196377423e-03
-2.139881157423497143e-03
-2.217627515477649507e-03
-2.281775352924257302e-03
-2.331805160225606383e-03
-2.366152384338979751e-03
-2.382731267609599322e-03
-2.381295085654919208e-03
-2.363386006124588989e-03
-2.330870137506861877e-03
-2.285435453414917314e-03
-2.228649840505209784e-03
-2.162034307910632499e-03
-2.087068420691901537e-03
-2.005161167403924152e-03
-1.917615102233766709e-03
-1.825597480648063001e-03
-1.730124220096344997e-03
-1.632058693837284318e-03
-1.532125383795252807e-03
-1.430937163418265212e-03
-1.329033889048135322e-03
-1.226928714168411868e-03
-1.125156949744926353e-03
-1.024320500085896309e-03
-9.251194463982289999e-04
-8.283621892767089115e-04
-7.349477703253192752e-04
-6.458190891981963055e-04
-5.618929276788603043e-04
-4.839796840617702233e-04
-4.127095332074851453e-04
-3.484803646119739385e-04
-2.914366514031412319e-04
-2.414799724769343579e-04
-1.983046004419416412e-04
-1.614476653037095588e-04
-1.303432702786408806e-04
-1.043724132081928372e-04
-8.290400094728397667e-05
-6.532533768242885575e-05
-5.106260074340431541e-05
-3.959293528419314775e-05
-3.045014564386191503e-05
-2.322584624703168007e-05
-1.756761121725387238e-05
-1.317529060181667696e-05
-9.796325273872363685e-06
-7.220624019369425738e-06
-5.275368779663209712e-06
-3.819977997171306879e-06
-2.741369033176104002e-06
-1.949603907633934094e-06
-1.373965744048294358e-06
-9.594875405281284251e-07
-6.639351712285282259e-07
-4.552306262216013172e-07
-3.092888586877987722e-07
