-1.560745663905070573e-07
-2.285857165739388660e-07
-3.323672403043895991e-07
-4.798159839556225755e-07
-6.877545437034972486e-07
-9.787943832897192644e-07
-1.383055263932604418e-06
-1.940343696672522544e-06
-2.702902056357691250e-06
-3.738808653546811480e-06
-5.136060677926465389e-06
-7.007341126649364383e-06
-9.495454576469612376e-06
-1.277939344691402832e-05
-1.708097916080118583e-05
-2.267210004477124033e-05
-2.988299874173543848e-05
-3.911354746413347821e-05
-5.085326118876030613e-05
-6.571758021563720833e-05
-8.445194338767693203e-05
-1.076757690546172860e-04
-1.356651366810270477e-04
-1.689694667916910901e-04
-2.084933527177689708e-04
-2.550937774705245567e-04
-3.094919224583859985e-04
-3.722796899336663955e-04
-4.439015594920474902e-04
-5.246187700254337401e-04
-6.144688017798905942e-04
-7.132272748498914156e-04
-8.203767995020883877e-04
-9.350863318245394287e-04
-1.056203953770315680e-03
-1.182265271710449114e-03
-1.311518698411306017e-03
-1.441967761385167966e-03
-1.571429335939614506e-03
-1.697605436207214047e-03
-1.818165029565287560e-03
-1.930831386874380662e-03
-2.033469846045338376e-03
-2.124170625031042859e-03
-2.201321510435501165e-03
-2.263665864951197679e-03
-2.310342393771767314e-03
-2.340904402679854727e-03
-2.355317756077175695e-03
-2.353938272371589556e-03
-2.337470743270437731e-03
-2.306913007627863898e-03
-2.263489445342517243e-03
-2.208578809834793946e-03
-2.143641456412254728e-03
-2.070150760743719957e-03
-1.989532913019966074e-03
-1.903118411840023973e-03
-1.812107581186193006e-03
-1.717551406934475370e-03
-1.620348021033509757e-03
-1.521254280887416720e-03
-1.420911051344942583e-03
-1.319879873524874327e-03
-1.218687539201915738e-03
-1.117873585815379626e-03
-1.018034009919919613e-03
-9.198530700584766967e-04
-8.241148252512237255e-04
-7.316880778071320262e-04
-6.434832023763439055e-04
-5.603862507949965979e-04
-4.831825429341086650e-04
-4.124857929747880250e-04
-3.486876704689775689e-04
-2.919367997052356445e-04
-2.421480526146885118e-04
-1.990358772973607011e-04
-1.621616058275661681e-04
-1.309845834388035952e-04
-1.049094093129908714e-04
-8.332492204410006491e-05
-6.563350887139993324e-05
-5.127127425542948061e-05
-3.972056105181217915e-05
-3.051655999980037374e-05
-2.324959793469788617e-05
-1.756440594383132470e-05
-1.315737129110379685e-05
-9.772525524287221119e-06
-7.196825055486289456e-06
-5.255131099627818422e-06
-3.805181023805187709e-06
-2.732752700572440810e-06
-1.947151106012167262e-06
-1.377093724911228106e-06
-9.670575610121671240e-07
-6.742066321787897675e-07
-4.660656011516232066e-07
-3.188026534409879158e-07
