-1.589269767504971018e-07
-2.326109217175895531e-07
-3.379440070150987303e-07
-4.874197666404300751e-07
-6.980112698171798391e-07
-9.925988323607462824e-07
-1.401782716606872903e-06
-1.966156263858699312e-06
-2.739117352389779160e-06
-3.790291952399435302e-06
-5.209629463869780760e-06
-7.112201675747435956e-06
-9.643691881950853113e-06
-1.298649501958471100e-05
-1.736626230571415637e-05
-2.305861577780605659e-05
-3.039563359890773482e-05
-3.977157388314778597e-05
-5.164717466233510035e-05
-6.655175444590203943e-05
-8.508225541123827073e-05
-1.078983289514980016e-04
-1.357125615738590473e-04
-1.692749694468267084e-04
-2.093509483602853688e-04
-2.566919915153752013e-04
-3.119988176272830071e-04
-3.758773303627496276e-04
-4.487892472268543878e-04
-5.310010677426461488e-04
-6.225364362392552539e-04
-7.231368809490911105e-04
-8.322342808028557410e-04
-9.489364146097029572e-04
-1.072025947318772142e-03
-1.199973404406488777e-03
-1.330965188420171318e-03
-1.462947637102336631e-03
-1.593687386857918194e-03
-1.720847404930730615e-03
-1.842077828706122078e-03
-1.955122312212966961e-03
-2.057945145535813695e-03
-2.148889833713168995e-03
-2.226859039618643305e-03
-2.291341712449583394e-03
-2.341734125949260399e-03
-2.376117186203731760e-03
-2.392269996938420091e-03
-2.390186690488359939e-03
-2.371573409985797565e-03
-2.338323231965528173e-03
-2.292124823289733680e-03
-2.234555348140421921e-03
-2.167152812247154833e-03
-2.091416897060337492e-03
-2.008776807131971813e-03
-1.920553591744734133e-03
-1.827930077129743527e-03
-1.731933968533293233e-03
-1.633436031568800571e-03
-1.533163354247017501e-03
-1.431726472055623242e-03
-1.329658071008948776e-03
-1.227459737967055708e-03
-1.125651639390743124e-03
-1.024818188031789614e-03
-9.256412288879177844e-04
-8.289120052242038902e-04
-7.355152581047375146e-04
-6.463838421276047862e-04
-5.624294722671587888e-04
-4.844623615926163746e-04
-4.131165397611781293e-04
-3.487964680086379872e-04
-2.916544473351370009e-04
-2.415998411594602298e-04
-1.983337011401842145e-04
-1.613983507287183546e-04
-1.302312572916466407e-04
-1.042149640909653609e-04
-8.271828935537616997e-05
-6.512711110268624331e-05
-5.086520552497635262e-05
-3.940673283912472666e-05
-3.028231226496681629e-05
-2.308051267676518940e-05
-1.744626570991424772e-05
-1.307734760110574138e-05
-9.719756561679594826e-06
-7.162561399529756522e-06
-5.232612886510761756e-06
-3.789379020560968117e-06
-2.720074064878111383e-06
-1.935186703239810973e-06
-1.364466000868579491e-06
-9.533894225182355197e-07
-6.601115349787330765e-07
-4.528732353841346696e-07
-3.078381903774706851e-07
