1.438090661200830397e-06
2.164892092719873738e-06
3.231867797890133263e-06
4.784681554088599553e-06
7.025078629539960807e-06
1.022973951692081911e-05
1.477429923018783644e-05
2.116346479598817340e-05
3.006822522175023346e-05
4.237120529202717734e-05
5.922116734733892923e-05
8.209743085680492897e-05
1.128845582150573472e-04
1.539570545335433745e-04
2.082729843590670098e-04
2.794741683438388565e-04
3.719887255624753524e-04
4.911288643022204692e-04
6.431744211186235256e-04
8.354474771265673260e-04
1.076484857404861901e-03
1.376446000207690772e-03
1.746869299014404235e-03
2.199701606372846986e-03
2.747638386586302196e-03
3.404362372382192109e-03
4.184122569320839792e-03
5.101222141014715404e-03
6.169476975159018765e-03
7.401602228281321111e-03
8.808519867429481440e-03
1.039860222612921936e-02
1.217687849289478264e-02
1.414423974084457088e-02
1.629668511502666353e-02
1.862465690232362886e-02
2.111251480122724317e-02
2.373819916866895530e-02
2.647312888492061103e-02
2.928237152496257836e-02
3.212511183987075414e-02
3.495542955782482419e-02
3.772337997613247479e-02
4.037635180734799878e-02
4.286065758035189494e-02
4.512329404108796765e-02
4.711379492965969001e-02
4.878608760092288665e-02
5.010025932878392485e-02
5.102413954742782143e-02
5.153461103164086454e-02
5.161857588161585658e-02
5.127352040726494004e-02
5.050764537271677096e-02
4.933955294639434663e-02
4.779750724319254546e-02
4.591830960685894941e-02
4.374585093992376661e-02
4.132941991586788072e-02
3.872185672256244632e-02
3.597764656809819550e-02
3.315104562948133216e-02
3.029432514434776680e-02
2.745620813409353420e-02
2.468055927195273586e-02
2.200537305797038712e-02
1.946208960773931212e-02
1.707525101867547399e-02
1.486249364776445585e-02
1.283485183674863694e-02
1.099732705687467976e-02
9.349656040853656855e-03
7.887197501929215510e-03
6.601854821904025623e-03
5.482963547036598731e-03
4.518094241114481956e-03
3.693745848542995865e-03
2.995924866337473617e-03
2.410617501868835867e-03
1.924166132759240391e-03
1.523560898447132855e-03
1.196655403574335436e-03
9.323142513238468843e-04
7.204999404019739448e-04
5.523071822654156875e-04
4.199533475744902759e-04
3.167341134845858171e-04
2.369532783991716964e-04
1.758351410976440119e-04
1.294269044210837646e-04
9.449739067611199865e-05
6.843707624499411907e-05
4.916317789826919190e-05
3.503233679071347432e-05
2.476239901544995131e-05
1.736390251951880199e-05
1.208116423386857195e-05
8.342440287862928452e-06
5.718792194941565685e-06
3.891683596912028054e-06
