1.190814685697968815e-06
1.792708456142090598e-06
2.676265906038795268e-06
3.961973170539922741e-06
5.816549633001660258e-06
8.468380814930891922e-06
1.222717784343641234e-05
1.750867925591515853e-05
2.486524811020901024e-05
3.502320843970035497e-05
4.892769054045160320e-05
6.779559205965622214e-05
9.317698697403744093e-05
1.270249023186449818e-04
1.717728096843401588e-04
2.304184267388596915e-04
3.066114841792669200e-04
4.047419906150875380e-04
5.300242467828033188e-04
6.885704718133375335e-04
8.874464898998331167e-04
1.134700603243994459e-03
1.439355702095082611e-03
1.811354025902647260e-03
2.261444004487162419e-03
2.800999477733034752e-03
3.441763448821238448e-03
4.195511361316868644e-03
5.073632551886189321e-03
6.086632873627344752e-03
7.243566614432868193e-03
8.551412084640981279e-03
1.001441266249786070e-02
1.163341287572939101e-02
1.340522586387171526e-02
1.532207313972921807e-02
1.737113947206045395e-02
1.953428487638224700e-02
2.178795202699823283e-02
2.410330065997210239e-02
2.644659048034025267e-02
2.877982044794761760e-02
3.106161442976326445e-02
3.324831976050845322e-02
3.529525979755276932e-02
3.715810052233745053e-02
3.879450037890588843e-02
4.016632668640954251e-02
4.124143045287689130e-02
4.199392123100795932e-02
4.240475633320739401e-02
4.246299255333418898e-02
4.216655463806703169e-02
4.152237510416302568e-02
4.054609541181759119e-02
3.926141459544501416e-02
3.769912751332706730e-02
3.589590112257672744e-02
3.389285155377802505e-02
3.173399523064244360e-02
2.946465192778941616e-02
2.712987675514972122e-02
2.477299246702394445e-02
2.243428439840411057e-02
2.014990904109787914e-02
1.795105492664510194e-02
1.586338166768565261e-02
1.390674946927259771e-02
1.209523617170051198e-02
1.043742099954400940e-02
8.936894165080732852e-03
7.592932381585450891e-03
6.401267518120523463e-03
5.354874261791246585e-03
4.444714427359762812e-03
3.660396862451547034e-03
2.990735400517363207e-03
2.424205872837763027e-03
1.949313259061770994e-03
1.554882370956656504e-03
1.230283282807964097e-03
9.655994370714648858e-04
7.517440425898359998e-04
5.805296166710552418e-04
4.446959150701047564e-04
3.379023513673541082e-04
2.546917471729414966e-04
1.904325567439501860e-04
1.412464946911701712e-04
1.039278392758024840e-04
7.585973157789600700e-05
5.493169694333023615e-05
3.946151020390580998e-05
2.812350447456829145e-05
1.988454243017669437e-05
1.394815542379557602e-05
9.706812972907656801e-06
6.701900773617022312e-06
4.590738206674792016e-06
3.119830953140818084e-06
