1.689420705844663068e-06
2.541054776372896481e-06
3.791893828472705495e-06
5.617571180323035782e-06
8.255388207047699683e-06
1.202965858557917170e-05
1.738234888957380404e-05
2.490787179864436716e-05
3.539673878273888772e-05
4.988923023376185434e-05
6.973997383919227418e-05
9.669423812078585870e-05
1.329763848646133592e-04
1.813903244642443683e-04
2.454309776127748446e-04
3.294046476265037951e-04
4.385548414472252815e-04
5.791884555910814742e-04
7.587954062724819532e-04
9.861528078372705074e-04
1.271402811580466061e-03
1.626091376948896874e-03
2.063153774377787450e-03
2.596831765890070080e-03
3.242507446549321333e-03
4.016439918087096050e-03
4.935393524999005799e-03
6.016150458388419726e-03
7.274906166467507568e-03
8.726553119903713435e-03
1.038386683837408397e-02
1.225661730828172050e-02
1.435063846619005073e-02
1.666689759379466618e-02
1.920061445620386414e-02
2.194048594233398083e-02
2.486807497578086279e-02
2.795742180326641485e-02
3.117493088102213025e-02
3.447957719753952377e-02
3.782346207782745495e-02
4.115273078980880017e-02
4.440884350567568528e-02
4.753016863409197101e-02
5.045384483983115370e-02
5.311783705667529054e-02
5.546309443515061444e-02
5.743570629825327928e-02
5.898894722744373736e-02
6.008510498367761188e-02
6.069699464064386152e-02
6.080907771884501434e-02
6.041812466306985957e-02
5.953338164351559825e-02
5.817622803428879052e-02
5.637933864526386424e-02
5.418539341768806306e-02
5.164540413171878758e-02
4.881674958129420677e-02
4.576102527812440923e-02
4.254182013060193307e-02
3.922253123334057401e-02
3.586432058061370109e-02
3.252430684084217649e-02
2.925407487333368459e-02
2.609857846198391368e-02
2.309549939367800189e-02
2.027504356534565871e-02
1.765982220460616745e-02
1.526404443744732928e-02
1.309256015165622018e-02
1.114273686958283660e-02
9.408245066298318374e-03
7.880439517034786012e-03
6.548095301063863380e-03
5.397611278127291239e-03
4.413723751915203317e-03
3.580281141476731634e-03
2.880900074615857804e-03
2.299482094350052339e-03
1.820607985308723411e-03
1.429827683720297227e-03
1.113859651043999990e-03
8.607112744233723790e-04
6.597313954000311740e-04
5.016064098682510280e-04
3.783116794576129390e-04
2.830298128608959608e-04
2.100466115457764766e-04
1.546342210175778123e-04
1.129294635755209632e-04
8.181363869458009098e-05
5.879842096855103560e-05
4.192097690966893473e-05
2.965012980004228196e-05
2.080435675389459338e-05
1.448160541043096561e-05
1.000035046012145296e-05
6.850941857388897841e-06
4.656091028946068299e-06
