1.937483271091093380e-06
2.917609198867781377e-06
4.357163045198184602e-06
6.453205995338476209e-06
9.478716169715863202e-06
1.380806618709157637e-05
1.994952486224343467e-05
2.858614796155683566e-05
4.062648369007573117e-05
5.726649923064358372e-05
8.006400145118094296e-05
1.110265396671904155e-04
1.527133002994629897e-04
2.083507919162406140e-04
2.819611385607516917e-04
3.785005236781967654e-04
5.040037476763662870e-04
6.657289954208645303e-04
8.722948052808278266e-04
1.133798979502363214e-03
1.461906915536230825e-03
1.869894760618536671e-03
2.372631141085234686e-03
2.986480283860417501e-03
3.729109450841266646e-03
4.619185064375184481e-03
5.675944966964559246e-03
6.918639038984993050e-03
8.365836798912942504e-03
1.003460838191700538e-02
1.193959422037415945e-02
1.409198878994467018e-02
1.649847482547370583e-02
1.916015573746214506e-02
2.207154408263806503e-02
2.521967116838568640e-02
2.858338602543527771e-02
3.213291054314981743e-02
3.582971131987453678e-02
3.962673760458319122e-02
4.346905856466127399e-02
4.729491212296019209e-02
5.103715180481908920e-02
5.462504710945514236e-02
5.798635948316376715e-02
6.104961107447882951e-02
6.374660002483031884e-02
6.601537299896456656e-02
6.780297271808770343e-02
6.906678327019280528e-02
6.977568087972578492e-02
6.991163196469958596e-02
6.947074484672653705e-02
6.846350090232179719e-02
6.691431971189894246e-02
6.486055796305113808e-02
6.235100790266398518e-02
5.944397474553873156e-02
5.620503391798831183e-02
5.270458467102459577e-02
4.901532373014333421e-02
4.520976132752640986e-02
4.135789317808351989e-02
3.752512724243376591e-02
3.377054528931256600e-02
3.014555808446112498e-02
2.669299075371430602e-02
2.344661193316011430e-02
2.043109642539046866e-02
1.766238592940492028e-02
1.514838700110450811e-02
1.288992307104557845e-02
1.088184337421460070e-02
9.114190857050072717e-03
7.573344678700265342e-03
6.243076743407866697e-03
5.105488167193679948e-03
4.141813430005390068e-03
3.333093557188449973e-03
2.660725591147235832e-03
2.106896879750477358e-03
1.654912473372839327e-03
1.289424084196954699e-03
9.965701072574247379e-04
7.640377534840071382e-04
5.810597773865782681e-04
4.383591156552480556e-04
3.280547750289102850e-04
2.435415379233693729e-04
1.793546553566920413e-04
1.310288923156178727e-04
9.495930844440502361e-05
6.826919424172712015e-05
4.868878880593434719e-05
3.444687341560829954e-05
2.417610764674132373e-05
1.683205143069649778e-05
1.162516973896165875e-05
7.964704113766756400e-06
5.413070167436560557e-06
